"1","2","3","4","5","6","7"
"1",216154.923621658,197851.731557054,205564.188007601,222413.205814637,226933.631959356,229936.116027881,229607.170613247
"2",114499.781018767,91989.7888845979,94221.3786534941,116971.004870935,125357.215099063,127060.636887935,126063.654909764
"3",540.384628301679,1183.62267176425,2329.67825069981,1194.81794726045,1239.5272550739,2070.61379573803,2325.18652030856
"4",101114.757974589,104678.320000692,109013.131103406,104247.382996442,100336.889605219,100804.865344208,101218.329183175
"5",6314.357339561,6383.47562261309,6410.79212371854,6610.73519350237,6304.25148804984,6741.39829821724,7608.69179869118
"6",108185.423679206,85606.3132619851,87810.5865297756,110360.269677433,119052.963611014,120319.238589718,118454.963111074
"7",540.384628301679,1183.62267176425,2329.67825069981,1194.81794726045,1239.5272550739,2070.61379573803,2325.18652030856
"8",-319.935589303399,35.2708850965583,1017.13669994842,-148.834942366507,544.603363964174,333.946529587088,771.077299666877
"9",101434.693563893,104643.049115596,107995.994403458,104396.217938809,99792.2862412558,100470.918814621,100447.251883509
"10",241.544998960618,380.412845552756,315.096039398453,219.760365763764,219.73877999475,249.433008955785,428.171403870059
"11",5480.37770132306,5232.33383411603,5371.28797052787,5816.54120128963,5562.3087629581,5945.10634384436,6223.93475483195
"12",320.419445887514,399.228843971426,375.248083016576,312.45943990902,293.826065575124,295.441639124172,514.404704951525
"13",272.015193390024,371.500098973081,349.160030775828,261.974186540146,228.377879522106,251.417306293143,442.180935037876
"14",11361.9012045255,8399.22084647225,7986.34285145154,11518.3160421805,11609.0169281325,10699.4917639534,10797.0765193558
"15",76890.1041098603,62728.872910531,66283.0314425632,79898.6475473055,85731.4917571715,87219.788889416,85521.6200704096
"16",14505.0271156069,9983.52987284989,9645.19358127585,14064.3223413724,17063.3407415922,17957.0537824551,17795.0697836095
"17",5428.39124921329,4494.68963213231,3896.01865448547,4878.98374657438,4649.11418411757,4442.90415389408,4341.19673769903
"18",88.3830410354665,317.857688892608,631.294478114321,375.108377216567,408.812824193743,666.71098898365,798.009538814481
"19",964.116902868328,1157.93791690047,1519.00018332908,1170.12899234044,1135.33421589684,1333.31060551923,1386.62727575219
"20",-269.557882800059,-147.445904006278,109.506672408878,-178.379779143309,-155.253718925116,45.8421111413832,83.3059809838408
"21",-242.557432801993,-144.727030022487,69.8769168475934,-172.039643153196,-149.366066091516,24.7500900938364,57.2437247581147
"22",-95.2728801954188,65.1475630896008,359.342029068162,102.719281212527,290.851951961133,287.37945538462,454.380109824376
"23",230.392083205211,294.612852275982,527.87565639488,218.575952575204,399.233300616785,320.156815185061,414.41843653077
"24",-221.287730080421,-150.800365251402,86.0081465153679,-227.004813453971,-63.4033767398528,-125.865068497297,-34.54675499351
"25",-233.767062232946,-173.689165017795,43.9108679698153,-243.125362700441,-82.0785118740635,-147.724672485476,-63.1744916949345
"26",7074.25919507335,7494.5044745529,7822.80078280466,7715.25817111253,6852.89457679947,6884.16610546218,6874.38759435938
"27",77285.1909485423,81303.9698622954,83412.6881976327,79971.891143356,76854.905674161,77197.2300959976,76059.6832745772
"28",15199.9042825861,13895.5845989834,14495.9683829348,14596.7424193719,14399.5396914059,14575.2137380929,15637.8312979431
"29",1875.33913769107,1948.99017976405,2264.53704008585,2112.32620496781,1684.94629888895,1814.30887506789,1875.34971662877
"30",-12.354802358979,4.12233188960288,0.579019392456722,-9.27260494335532,-13.7098080230096,-11.6766145669271,9.09697645732535
"31",-9.29768027998624,2.66249536899165,-0.357351537668927,-7.61031049542135,-10.3317145935075,-9.05974719218523,6.11587680777268
"32",-4.60523988984977,6.2646338879152,3.15156686653463,-3.95193261006441,-6.84129329883669,-5.3709000085064,9.81133456379274
"33",257.359602292114,276.808979108716,239.791202786537,216.300453819427,244.46801095085,261.086305810659,282.12568992337
"34",-2.77160594074087,15.5477513585739,11.6620461402623,0.1862775973447,-3.28471124642922,-1.04118688842992,23.441939702605
"35",10.300868503316,31.553056650213,24.9738814924168,12.4394886855899,7.40677257727191,9.42935386547895,37.4222564116209
"36",-12.3427824476819,4.03020428728708,1.01553933210835,-8.49573099829952,-12.7643461549255,-12.3980515454846,8.32164293240056
"37",-9.21003212494226,2.66886734548725,0.649383192747353,-6.85141366593733,-9.71140655009444,-8.60230586036195,6.48139567760949
"38",24.466671207127,36.7545256557607,33.6307517328419,27.0161383742374,24.5072763331762,27.0661553412864,45.3542913933054
"39",58.4634256861179,80.6317051495115,85.3250338144452,67.6497978386504,70.0455091813757,95.7775242292933,79.4443419447115
"40",33.8015781198732,54.476895068725,60.1226654923599,41.0293614091548,43.1770377921704,70.51326411699,52.1579028202892
"41",127.929320992519,134.524232466462,124.748313618463,120.112586192778,132.178903475815,154.968436523437,129.357545584625
"42",3672.61680763189,3310.53631107567,3435.47210099353,3949.02995216729,3701.4960612422,3806.31846417038,4174.52253020351
"43",428.748149086661,484.994289269219,488.146381222016,474.326227083496,476.892695192117,493.824296292894,436.622510611681
"44",363.342486169157,373.449228052606,384.042565258575,357.736058393577,375.048957280175,417.513628897307,392.187505430919
"45",93.1404067833974,116.618672158909,116.492725081987,98.2885440576339,104.468641743609,130.304608907506,113.462001717324
"46",34.2129358490469,53.3648605138896,56.7048902761329,37.3482993000868,38.4777893577312,63.6135684150251,46.2180451556378
"47",668.122591004441,623.737640361075,620.23329477041,671.020374847019,620.523167692968,712.272552291583,799.962371363302
"48",-11.1187200450031,2.4282409358056,3.32254502936495,-3.97162334229664,-10.7180834565009,-12.3235040257098,11.8576400181552
"49",-12.3050885723084,-2.54616117404875,-0.867718236282882,-5.76097679203994,-10.6928003990423,-12.3406809976667,5.32061516513275
"50",-5.98117628557669,7.0021001520572,7.43349685189228,-1.27918632759212,-5.75649022415964,-6.83921151673774,17.5008056878049
"51",346.441097997021,322.19643755775,290.565316918995,280.587861452854,307.783299932804,330.378764955434,367.039819587383
"52",-8.70046843732773,5.19018921577368,5.94455311423268,-1.42625897971303,-8.75713496600166,-11.7726741423082,15.6739160336097
"53",4.6954222262621,20.2899750895641,18.762963606757,13.8303171204416,7.19362064988024,2.61857632140346,32.4360346692054
"54",-16.2083122631323,-2.27737947201032,-0.8587947906105,-7.66114286659419,-14.9796070606094,-16.7983460572189,6.97097987967489
"55",-12.6555195354219,-2.57725321971768,-0.974562301766382,-6.41422653026898,-11.1436324058954,-13.5125298883342,5.26653933049408
"56",36.2522108028348,49.5226948861039,51.9202828238389,44.5546761740577,40.8968935044684,36.0312444751283,52.3383545798834
"57",-7.8228002562941,13.6552921402871,9.40301294691792,-4.65089556498822,-10.8761103838808,-9.18778038383056,20.3982825902009
"58",-9.91763669988738,4.13029224584175,1.2926506680719,-7.47021947501014,-11.8061464315534,-11.0956579496648,7.70632231154176
"59",226.204979094038,240.172887017405,236.67994548834,208.945658717086,206.218704357111,222.994982629999,284.807250179766
"60",0.280586230856028,21.7295972014684,18.1994420977047,4.26002829551111,-2.88105767347519,-1.79799409714557,27.8291064248955
"61",7.13292004512255,26.7837257219131,22.8243430375961,8.55807670613474,1.07496617900855,2.97189610403926,31.439244566681
"62",56.1371449755332,65.0283046455857,60.7606365365989,52.331537860737,46.647523474197,47.5318599890374,70.0007289640805
"63",131.296454144402,90.4933646915024,17.9009456951967,88.6697479148989,-23.627434458778,-67.027298872581,-49.7206341510092
"64",95.4234228985043,62.8985486335571,9.82534285870375,63.4169753248858,-18.1295509077964,-51.1741532262399,-39.5323818378907
"65",104.623228874934,73.2988329251231,17.9560770652398,72.5385053823912,-9.48188683608858,-43.5696977536064,-31.0228892005801
"66",8181.59474246725,5815.51570786018,5986.52608649722,8572.53674170214,9282.90276211227,8776.1526418879,8763.69659679838
"67",311.515251172507,253.885027934945,180.691582392859,279.384756786485,152.691495700766,103.068204798678,120.039560940658
"68",380.638779309032,274.409696256437,204.115577705874,372.585655460048,238.853066625069,169.014382570559,176.458286105818
"69",168.066716942043,127.723932941536,54.6155407746365,132.287735388672,29.4807885820677,-16.1810358613393,-3.60195359444633
"70",186.316208684766,137.885314970775,86.8346585866796,153.039427105759,70.6679387338863,25.7348400165015,42.1678528122543
"71",1802.42640003231,1563.1104202584,1427.87703987534,1783.85649711546,1885.65974858135,1803.47388039377,1818.59208148297
"72",-13.2596273242747,-196.164858805368,75.273234717821,60.4947073435172,158.839219140183,269.964883277293,177.979931559405
"73",-221.607953435345,-381.974997063068,-117.242502253213,-133.442625749215,-45.2357539328322,65.9359264140669,-38.0299178814641
"74",230.29276249185,-8.42227918332691,265.669990120818,341.466034761984,469.150223148855,580.806038837448,508.718961269329
"75",49707.2984958096,39053.7308716565,40054.6639560483,51485.1040602986,55330.6599086518,55637.4581828748,54946.5115918558
"76",3578.10381235515,2810.48498046598,3418.8352181534,4158.6165883224,4658.57299782077,4792.75181054368,4334.94972696783
"77",1740.14274040284,1079.51627031739,1454.99988324343,1853.71680257662,2026.59237494871,2075.77065921876,2089.83194625049
"78",673.528617874002,369.49464366655,743.286663680025,893.489711246093,1009.92785547368,1121.25809523826,1018.67921774345
"79",105.684754621608,-105.333218209616,167.37725340042,220.884297600307,321.150960723746,405.1152820015,322.926045138866
"80",21089.9205070661,20107.5414976869,20220.1677454531,21018.3179709064,21801.8339711979,22270.7280110113,22160.052567507
"81",7.50577869127239,50.1819681647302,69.0063697847673,34.3189016725976,66.2103373450287,137.367767878536,172.414580463674
"82",7.00414673940159,36.8279397121455,51.859849478168,25.6333377159452,50.2857003378903,103.427819301422,131.745140938068
"83",117.811863167316,168.751556668778,181.591601090793,156.323442436075,195.237953848162,272.261691799252,293.209241749461
"84",10823.8972859544,6555.62343640907,6153.0823685152,10387.4713202731,12771.7000495703,13056.8472425445,12621.8943928878
"85",91.824152718777,121.201279707814,157.502141278486,130.136668775052,178.297359972667,263.194253523085,292.308638678445
"86",238.633589541595,212.346407512586,250.986717744174,273.038731820966,361.249996929901,441.980219209639,471.151585388563
"87",9.97311073662066,52.1233729843081,73.2559992823875,34.1627336887027,71.7868166211734,140.52315082976,176.849377512366
"88",39.3449203247429,66.4458610669776,91.6883654871564,80.430305225302,109.333413143886,159.179481558908,180.802133472021
"89",3169.03226773333,2720.02805062391,2616.22016861518,2942.80689976516,3259.23911382369,3382.27215581043,3454.69469251971
"90",163.376663629379,126.440644869531,20.8958686062548,85.4456307960532,-16.7137331204221,-76.9186271222645,-75.5281652418715
"91",107.005365652206,78.5509789842977,9.4055839024234,54.841086312575,-16.5371242657797,-53.0575480327961,-54.6587434751863
"92",3228.91142241429,2495.47607406426,2427.18394076086,3088.8302090102,3217.18270583545,3182.91839509696,3132.41894977432
"93",195.154095905836,153.567808667516,40.0867025107419,110.414998599985,-8.52258232571864,-70.8466493414638,-68.624332198506
"94",230.201777043821,185.866293915336,84.0769149718207,163.815834647402,64.933335974779,-1.89263484936185,-3.12488927659933
"95",1503.74192456718,1454.78783163085,1314.36964373283,1375.63598720755,1408.77158201863,1462.70121814237,1410.71391811624
"96",559.199026036437,1077.05385280062,1382.82019913218,1489.54168044684,1583.84775191022,1894.32018804895,2294.34472629327
"97",103.054180732123,46.3408118398492,34.1534777091808,-47.7547619400939,-73.3213795541705,-79.9044776631657,-129.080594766977
"98",-128.83288273783,-178.374829684182,-173.878373940448,-234.453022610326,-241.45367412465,-249.304594750517,-295.016261817305
"99",-156.657198091558,-215.974184770018,-211.247255552715,-282.525384834229,-291.541187844475,-302.26435627524,-357.311852815758
"100",-135.119670874736,-185.145460447216,-180.762742554917,-240.577799824245,-248.098318773691,-255.707075537791,-301.618201481826
"101",-99.1160720114739,-137.160455819473,-134.472050667227,-179.188424715506,-184.468058294025,-190.460445997356,-225.082204015772
"102",-54.1443420175799,-88.882045027056,-85.3187760118143,-129.933909305959,-136.152309125549,-149.968248841322,-188.226072581249
"103",-39.1057095972951,-24.6646305517349,6.54056492004212,-28.6244644500204,-26.4940477019936,-5.17045089450587,-1.38784296881334
"104",-25.6397411182171,-10.6193338171666,10.4980093006876,-12.4878262471104,-10.5942570974822,5.33875513115772,11.2705124903698
"105",-34.4498459909522,-19.034130945525,12.22609764365,-23.4844933158968,-21.2765046431529,1.37448608722557,4.00467417386075
"106",933.92983401153,976.065503623546,1069.51934803439,1043.74559195495,1017.09332165131,1027.95151404354,1057.13162390415
"107",59.0717751928772,79.4171542725293,124.754573817655,69.5596434645124,61.8101086252061,91.4610995545994,88.6993356043203
"108",-26.3729480554705,-7.81552453196166,32.2710883304409,-11.2903697695137,-15.7441557736269,9.53824010398871,14.7033300672993
"109",-18.4967317747665,-1.13393023389228,32.9581214053635,-6.35963750538017,-4.54647890893824,17.808960116514,23.6704883319313
"110",-33.9676003002897,-19.5096924489014,7.760326433381,-24.1976436236492,-22.8490308673874,-3.6310863494243,-0.117174031267152
"111",149.147870500423,185.232501533127,222.472053443003,163.268191832045,157.935260612401,188.639087725609,188.652328179815
"112",-49.2046666137658,-32.5977673003131,0.397525041864322,-37.2896270483139,-33.5192048223625,-6.88467534351024,-1.65290154067938
"113",-6.30321432945738,21.279096757532,89.1231172431696,12.9185296637773,15.2796170212233,65.9291335426081,76.1536065202765
"114",-64.5317681140145,-42.4157775697624,1.11689118822175,-49.0062295552616,-44.4458356455051,-8.82966662748692,-1.69793131280277
"115",-65.698416857516,-43.432776837451,0.378123620910456,-49.8727886116104,-45.0358599780636,-9.51908364479855,-2.64032048341932
"116",-48.9931367029136,-32.363957441491,0.535627052032597,-37.0924709018471,-33.2914153604435,-6.65950091616448,-1.56100925323046
"117",-34.8266801822414,-17.9147216146531,17.955388262825,-18.0371926898962,-14.2410201398048,11.8059041308986,14.7045370538608
"118",-108.251824980688,-60.9951191634867,41.8118504460089,-75.2258851337869,-63.5880753201064,19.3191935376941,36.7754249783626
"119",-79.8509078976812,-53.3464937458924,1.09818990714558,-60.8357530109731,-54.6829994091487,-10.1261982669412,-3.96346085384525
"120",-54.4546999238344,-30.3854171133033,26.9668764942338,-35.9780050086567,-31.0949913624851,15.5570948228541,24.4317606333673
"121",549.120270562455,992.639779597489,1315.37682728942,1408.75459592247,1554.67758014457,1835.93350065551,2196.07771723509
"122",-155.115344461308,-237.837834170119,-240.883239633634,-342.629141575299,-331.381384697303,-413.132277837968,-468.591104799117
"123",-143.324506136816,-200.109311917885,-207.442866755582,-278.577803499176,-269.549841109903,-327.687760471022,-367.153432202547
"124",-143.587030388331,-200.33410499629,-207.598743207685,-278.785748147495,-269.874385342838,-327.758231200834,-367.367823321673
"125",-107.586836831512,-150.153290092039,-155.573921242613,-208.911356967639,-202.415488394532,-245.804158619017,-275.398883321472
"126",-94.7794329398298,-139.057675331488,-144.536027381672,-197.131264520257,-190.604528638778,-234.171617141964,-263.186363765818
"127",-23.938302142197,-18.3879851818624,6.33967277317406,-24.0205648101527,-7.01819002511095,-14.7999572056835,-9.97219463489672
"128",-32.3986375487631,-26.1827001920984,-0.813353259383186,-33.6891992216914,-14.455953092914,-23.6521950204683,-16.389539305722
"129",-27.300449128652,-21.1078215341403,3.26732840334067,-29.2861863024577,-11.0913132565436,-19.1474499395534,-11.0827741697463
"130",284.043038820999,299.150970002829,322.786946976845,284.186099814353,307.398331465107,307.831457012897,340.375142481857
"131",12.2821169795263,17.3127106332374,47.3123515365152,9.90575005765405,34.0849558210108,22.3689005655682,32.7409563149771
"132",-1.28395664382049,8.93681271678507,40.8907696318869,1.46321011691825,20.702061293967,7.11133758620131,18.0095399505397
"133",-23.4651908063819,-16.9715442792443,9.625569492846,-23.9659222618287,-4.84339775993311,-13.7332456171099,-6.1188491993786
"134",-22.1132044896239,-17.5841170250115,4.38446866148406,-23.3034849561559,-7.49048797095072,-14.8043032918146,-9.59817154494788
"135",64.5666681630122,69.4465271344247,94.0819021770664,57.2862501374184,81.9472941410031,68.9822710938609,76.4543266369215
"136",-30.7237949923814,-24.4632128540553,-1.89007078485706,-31.7976746424652,-15.5790749106849,-21.8949635770901,-13.4202314409278
"137",-39.4372606133362,-30.6021787820232,-0.827515543861755,-40.9434708886657,-18.9162240921746,-27.4976592272534,-16.1361708678416
"138",16.5109072549506,34.5810378751996,82.5682330609224,19.7917146779738,47.6237262345887,38.9383699830699,58.0077884042818
"139",-44.5238519915411,-34.5717677233231,-0.476032001854288,-45.5124580918412,-21.4233577327478,-30.8053017812175,-17.8745008881609
"140",-43.3993276484879,-34.1599866066745,0.37416762606558,-44.9603093592804,-20.013557392127,-30.5122612323412,-17.0204130052948
"141",-30.696450736571,-24.4601701867428,-1.77685760418762,-31.7969905831631,-15.601854789772,-22.0429939484306,-13.5655001863526
"142",-30.8702681539104,-24.568341834897,-2.03293075193621,-31.9612501945116,-15.693249922661,-21.9752511040203,-13.4513227133957
"143",-18.1476831991926,-12.555745138928,10.0691525150334,-19.8243743720681,-3.79978413432573,-10.075007610067,-1.08640429587462
"144",-51.9397819178998,-40.7234595408306,-2.15736558320384,-53.5293074539261,-25.4945482592537,-36.6992419421918,-22.0762100036162
"145",-35.6158319207355,-27.6430273298479,-2.077097385149,-36.2310971637085,-17.6024976186639,-25.1003164639762,-15.0757989538041
"146",-14.6412743641098,-4.08181321781026,41.4803611549866,-18.8667590726538,19.555594849733,2.78607659490804,21.4107226813131
"147",-55.1196773120757,-43.287307326117,-1.51106819465963,-56.6873496932625,-26.3430958640583,-38.8162268277924,-22.5436842496775
"148",-51.8460040884313,-40.466262010106,-1.46136898237594,-53.1818966618196,-25.0447710271588,-36.3677553989613,-21.38538207741
"149",-24.604492630062,-17.4872955934311,9.63740695985215,-24.6289526554487,-7.14919395504304,-13.527208447846,-3.50413909212657
"150",-8.05506128521773,-16.1641843869302,5.80139853945189,23.6557989788057,-27.5042831119559,-19.7600028919082,-12.0500169312273
"151",-6.63165284165702,-12.7323995186667,3.87523988301416,17.4844394466651,-21.1128505468646,-14.9688156240011,-9.33204921326526
"152",2.59980457005586,-3.49497916887407,12.9465206301261,26.6682397858195,-13.0304005449702,-6.26922529918894,-0.655952774445157
"153",5566.49550001942,5869.88850981473,6078.61606520547,5967.70053872061,5546.7000095318,5591.85474434254,5568.06562696781
"154",158.446792620285,161.135383808877,183.326545694119,188.821594649236,129.027817922241,134.76647088284,148.973328350831
"155",78.1350358071775,71.7122025761268,108.115568272581,122.576988212612,56.6813613199432,60.2415319206271,62.342891418906
"156",20.2225932133226,15.3509123765738,35.0227509375717,56.0481598545265,1.95578062340716,13.059386649752,18.2672388237533
"157",104.04811399173,92.5206606132089,105.872348133467,118.198153211404,85.2783329184526,85.8204496505948,99.117008365371
"158",1158.99806897886,1316.28836843846,1289.22434550952,1194.10425825348,1094.89880868806,1039.42156583159,999.659519352275
"159",87.7520761675184,-6.51052091626614,-83.7964131312111,-68.8997803467874,-35.4165754268929,-11.4042773129771,40.4356556974444
"160",-37.3413963097109,-140.888649250605,-235.473245912598,-214.68549445109,-182.629961983705,-138.34787960158,-88.3939698283011
"161",337.624608441258,227.761666127383,137.01885565916,171.898549764766,193.868009668055,237.592291304194,306.120747104662
"162",49067.4168240122,50359.6998309611,52071.6690453451,51224.5302837749,49402.850976794,50058.3298032134,49390.7921502087
"163",4288.47485118347,4503.41977057926,4547.42049538559,4284.70228483318,4225.2178934539,4194.84728530444,4326.785021733
"164",933.636798006781,888.194612303191,856.122287740016,861.469261156873,864.716342804264,912.79289880119,946.878632641824
"165",793.776098653487,836.906555196709,794.013001053283,755.616442793787,732.454051977612,742.181799838432,727.214418141192
"166",338.433966477968,235.382948895783,162.093843930933,197.551770436576,213.567643470157,234.437589897133,304.391693518458
"167",21475.4171219083,24400.0036483979,25163.6203275613,22759.7078253931,21440.2772934027,20966.8005845527,20105.458925359
"168",23.5421040505046,6.90884217679864,48.8014600492522,-15.7525499338469,-68.5033009890448,-73.7481485574441,11.7521683524925
"169",17.4812691549264,4.84648341753856,36.2127209469868,-13.1103166096869,-51.7950917512539,-56.4680558715554,7.58391351656211
"170",65.0378480400497,55.1582148176587,99.0192417515294,50.7656021437374,-5.48150094825321,-11.3685493839918,62.5041121787556
"171",10898.4365398541,9744.75993225598,9996.92430751186,10578.9362673998,10931.7429968048,11252.3579223084,11573.7216509841
"172",104.3187973998,88.7243878061908,139.199480170013,65.4595656158437,4.05806666082027,-1.33478222482931,99.474549816598
"173",139.794088767133,109.829118920552,176.409032590244,106.57939235429,52.1714947367261,40.476998323004,137.973003684263
"174",32.2629927441438,16.3850435516525,60.3305522016754,-2.75852200186341,-54.08808009314,-60.7523182604779,23.183441732903
"175",88.0972438188506,82.2110862209822,121.528454378988,77.0402652262291,33.2660821638321,22.3833909946487,83.7889554011515
"176",3830.93339875654,3786.7614898159,3817.54313333402,3749.58271517736,3558.16902482126,3463.66728076511,3637.8495022761
"177",0.338535954058521,-9.52374884923517,38.0333461026021,33.357525442853,-42.7773504262913,-20.775199718795,5.15922193718198
"178",-3.69543948474559,-10.5565592676022,20.9334510173544,17.3989738158168,-32.5262473130381,-17.7575022727705,-1.78568756257551
"179",1201.92829713695,1246.13363069978,1376.45386275123,1311.27470077362,1210.36795741704,1239.91227482822,1211.75828954103
"180",1.21341439911603,-9.1170411161505,40.436705478546,33.4168691521957,-46.1960733981292,-21.3498896723501,6.58414414398221
"181",16.7647500822307,6.63484730824894,54.305940777458,48.2745387447215,-25.0036447506645,-3.6836905410924,21.0407700879776
"182",658.789579602805,725.419050988359,734.373733957977,668.603597037921,621.081657359339,637.962882443968,632.592978480459
"183",-6.17021399152266,2.54023499919839,0.727317494894143,-4.23195207140272,-6.45401038259748,-5.40739168904836,5.06725975817506
"184",-6.18458836741658,1.58209689043921,-0.14829810240168,-5.04065287191198,-7.25579764036995,-6.26922287783566,4.02971669919301
"185",-9.29768027998624,2.66249536899165,-0.357351537668927,-7.61031049542135,-10.3317145935075,-9.05974719218523,6.11587680777268
"186",-4.60523988984977,6.2646338879152,3.15156686653463,-3.95193261006441,-6.84129329883669,-5.3709000085064,9.81133456379274
"187",3.38845669422316,5.4729656268244,4.13083076453521,3.27177615526735,3.33524038295133,3.33805546608151,4.17315336303859
"188",54.8586636747917,50.3309811681448,44.2585620919699,44.9496154391964,52.9733796357809,51.6875415836832,52.5170855198358
"189",3.26202164925566,4.43334188635959,3.85155391346124,2.03295249936554,3.04548288903337,3.2097788757347,5.19175716095355
"190",10.7483502508521,11.3157481208888,11.8590240441627,8.78697867366361,10.4354405551747,13.4582363072685,13.1976236882514
"191",24.4790116532102,27.916726027463,23.0822639520714,22.0527972799655,32.187330748463,25.8671718650924,24.5991892509505
"192",1.59017049133153,2.97477450565185,1.49443769128397,0.306959581574966,1.13473631486098,1.45318576779016,3.25874539093782
"193",6.88101350600592,7.18657580031856,6.72711658580473,5.80514188317895,6.85399343620802,7.40814695357939,7.67657276381919
"194",6.79548179430116,7.6360010206968,6.45836782546645,6.29616733089465,5.72315361139713,6.21330938325244,9.1987757322797
"195",9.15817080851518,10.5771054292258,9.14509677611384,6.03271288949618,7.58791114494502,9.36775550392712,11.4632038666603
"196",6.8545309218433,8.18547001312762,7.76511287603743,6.66439147288103,7.15665628343137,7.74032459035198,8.19793172841275
"197",4.22574054547002,5.5603064599146,4.88862514610023,4.36677833121572,4.62244655752872,6.02943096174267,6.24149318937092
"198",19.1493474186089,22.0287045546032,16.9029674546732,13.6808185158324,18.0905671330968,20.4685741432157,19.2505983955324
"199",11.6436654274138,12.9040078233731,13.423678400151,11.9484386028945,11.2854171014593,11.0400815975458,14.7045702587368
"200",0.565646761354699,1.43415781899652,0.61220395698992,-0.491223615964501,0.630617520092932,1.2594998840195,2.7080397250969
"201",1.55100953075511,2.40592006000988,1.12848472840816,0.351879198062382,1.04219748794347,1.55859611203586,2.41354473988579
"202",7.80480396119283,8.98065272015925,8.787776948343,7.06293387951213,7.52340938732551,7.80977211032906,8.63498827243598
"203",35.4442921801933,38.6727017455805,31.5189800264632,34.1260222953189,31.6752877429672,33.8120800008641,36.9444689382404
"204",8.35566531997709,8.77363672907272,8.41210270072993,7.70368953303895,8.75492717922452,8.9273954396448,9.70342394153426
"205",5.32348595842979,7.22904625068266,5.34221410357507,3.91367621366209,5.88898135688014,5.95577248937126,6.90501781102854
"206",33.9754887726887,30.9497632064491,29.0283870683354,27.4474658512688,24.1963658508541,33.58711204244,32.3514551729329
"207",1.30458497141534,1.84039214092276,0.973415731602991,-0.00951819119068208,0.324468630928398,0.894484732382959,2.79405101312873
"208",0.118998933803372,6.78161626740887,5.00518948002446,1.5950368934758,-0.0529566227740001,0.769652737347503,10.0604262715885
"209",-2.2465646956692,3.3920496088763,2.33517414638156,-1.4600978781517,-2.17529896918706,-1.70928560208309,5.94573716158844
"210",-0.644040178947495,5.37408548222465,4.32168251379004,0.0513385819460131,-1.05645565454513,-0.101554023773128,7.4357762693494
"211",-0.180699378907468,3.37923175035822,2.30081582284571,-0.201054010036352,-0.965608244514664,-0.915700052050292,4.47042819953785
"212",-2.53837105588958,1.46703910862972,0.969105604455468,-1.28011813970602,-2.25209439219788,-1.40167412429334,2.47829589460423
"213",14.6233720456297,18.1680555917342,15.4976172451927,14.6193917640459,15.1691948102275,14.5177322865679,19.2639074017125
"214",-0.47573283317289,2.90209275478721,2.29936266217824,-0.000487240743463045,-1.67287827005098,-0.619238707604988,4.17348262831713
"215",0.723990886169026,3.53136020787447,2.7050995843007,0.666452731846962,-0.272810107466586,-0.219366882739164,4.54365441236685
"216",-1.8516911605567,2.10527723679068,1.20188057340387,-1.36469641986268,-2.59903121877255,-1.9323986544485,2.49248787503481
"217",-6.28854617976136,1.59751581699099,0.1164692261643,-4.42603051776641,-6.35861219590633,-6.32168307184331,3.62786266057956
"218",-6.05423626792028,2.43268847029609,0.899070105944128,-4.06970048053274,-6.405733959019,-6.0763684736412,4.69378027182084
"219",-9.21003212494226,2.66886734548725,0.649383192747353,-6.85141366593733,-9.71140655009444,-8.60230586036195,6.48139567760949
"220",24.466671207127,36.7545256557607,33.6307517328419,27.0161383742374,24.5072763331762,27.0661553412864,45.3542913933054
"221",29.9619328358443,37.3235546309213,40.6275760842276,33.3175914834802,33.2225525662674,40.6379392147457,36.3200980195642
"222",10.0440365646444,18.1573749735432,20.3982317158385,14.0592086857792,15.9089787285125,25.5537354941709,18.8489266399918
"223",18.4574562856961,25.1507755451049,24.2992260144398,20.2729976694588,20.9139778866661,29.5858495204486,24.2753172852271
"224",5.11279119855476,10.0119163920035,11.0296714516357,6.15778020990219,7.25453044805013,14.0410814717049,10.3087542305115
"225",10.0278579172899,16.2972714828079,18.6158502309368,13.5737166796047,13.8930201709191,20.6454329919017,15.6032612568418
"226",15.6943999720526,20.0941750943942,20.9807574970491,17.1153130938457,16.9680257038676,23.7997498957249,17.8781216405843
"227",2.96652903196748,8.07353209951196,9.49638631273041,4.18255142579348,5.06146146932418,12.0269997576493,8.36776569234223
"228",5.83695940631223,9.00815000053258,10.8075153107108,6.32715420157166,7.14697858989839,13.6975604992903,9.17557590374052
"229",25.8524103654249,30.3729695313181,31.3683854855551,23.9932289591823,26.2591278334582,33.4065701517088,28.0563542214693
"230",9.38120083351968,14.7957972468196,15.7116796239187,11.7469263485042,13.6647960859094,19.3231036155521,13.5451695227805
"231",86.8587503872511,80.3473156877826,66.8607331982678,78.0452766835078,85.1080009665362,88.541202256873,78.5804459366223
"232",6.33017068222069,1.59420733717204,0.00584230547468207,12.6553326579237,8.66164703071177,7.72653780477716,13.9585807458076
"233",39.0904722738894,31.1616416495851,29.8127003697691,46.4358597745422,38.367705534719,39.459160906895,44.3822276745245
"234",975.815642409016,834.356263689056,974.149332144336,970.98028192382,910.475291441308,1006.28085051221,1080.5000026375
"235",87.3366156057361,92.5487456758914,105.439844221242,109.99689110662,97.3119842419637,101.689045998267,109.32532764016
"236",34.4312468052143,34.038224744719,28.9598027213524,44.3697319925007,37.8469268736024,33.1521693245579,41.6492717367162
"237",1.89356761007182,-1.75703139289893,-4.1018356336649,8.76022538571382,3.57984847422217,2.37038860508295,11.2624776467273
"238",80.0171881207248,74.2265639788329,70.9808751097873,82.4039650865982,73.1115600531776,70.9596453691364,89.1631572356411
"239",241.961226514143,221.283479264067,248.570077992744,276.093563172464,284.564067074669,267.045041184612,314.873904003267
"240",42.8980169676526,35.1712470445431,36.9621296778727,51.9224053223939,50.7155906511561,48.2372637660164,54.7826602455518
"241",0.47221331703857,-4.12832446013519,-5.38407840790905,7.70963916292351,2.13375205477364,0.62616691861856,8.81698394946019
"242",123.682662058556,109.073182631038,91.7942982663818,120.432956785655,126.435435480257,97.4282427810763,102.452547799436
"243",12.6633730413745,8.63626055727098,4.92833814481121,18.7053652705976,14.1654731689793,12.217523672001,20.6143567665323
"244",11.5122156632989,7.72205119237312,4.69239530521366,17.0924778891951,11.3678514431316,11.1425334006385,19.5502326603317
"245",69.8288870357449,62.6330199737581,56.9739399914738,67.4345131837872,63.7299911460231,64.4833498995053,80.7329661971631
"246",27.1163568960222,23.1711841093699,19.4470978708754,34.2996979640081,28.9523975295107,27.4882918359129,33.8089206305166
"247",2.40796904621223,-1.95476908643203,-3.16597261536699,9.62020072399237,3.46470994379757,2.78503427723881,10.91654277918
"248",133.629790353885,126.369782972333,106.421663378168,128.751766294348,133.774577325355,132.52113065888,154.234560738274
"249",3.89911275018188,-0.194127987961545,-0.925439739842902,11.798092932615,6.10389060458644,4.94033537184329,13.1355540864923
"250",65.8217688086492,53.4078994275656,45.9418889032301,55.7417946758745,53.479754632669,50.81793317982,60.7955348595566
"251",148.74291901502,146.349305676554,147.665613267418,153.83878716737,139.482829277444,153.955151653922,170.391726264566
"252",486.17126374348,473.072389174318,474.76499376231,524.931881041388,487.867350763835,515.307767012414,502.704348336928
"253",0.646668480433756,-3.77999396456751,-5.08359995175159,7.60841235374629,2.84218520339643,0.566569900575173,9.95857358836725
"254",120.858412794125,121.330262711934,111.134042837118,127.501789186351,122.969271848348,125.716137987109,133.222231640724
"255",14.9715471791635,11.6575923483324,11.2349377659005,22.8629704464145,16.6970493303655,13.5990077085213,21.9576842936558
"256",31.4789915553806,27.4681525699326,25.1378155685148,37.3198357514335,33.7207214284055,31.2648249633321,38.4901416394058
"257",89.0319815155847,90.4657454963865,80.6533604603151,97.6223717626764,92.9022170954272,103.309681989004,103.216501960977
"258",443.358733225147,421.18344264045,468.327371691311,539.715511411707,526.523753350924,534.553494550663,501.811800728692
"259",-0.601840446040492,-4.81099242968019,-6.32931079811688,6.44702109934265,1.90189952468441,-0.182577987396069,7.40274311372831
"260",46.9281073115037,38.0896049040728,38.1924916271073,47.5299912415256,35.6947013814912,40.0000124970322,61.1504008894161
"261",26.6995077616466,23.4563270096702,22.5644436826112,34.3630810684572,29.872454828365,26.6518622420991,34.8491752255466
"262",100.776770645318,89.0180602601452,93.5850926436905,101.523700809574,89.5720092773073,92.3413668711805,118.820360915423
"263",166.094573069343,135.552125502172,129.740259264958,127.950962156795,127.818873590656,145.864056684933,154.393709908859
"264",36.6506758219435,34.1247878556125,32.3816891660043,44.6088753647159,45.3882896367085,42.0004626296661,51.1973216641391
"265",7.10450368716599,10.6027260899576,11.4071817765409,10.5364969567395,9.65751586782095,11.0497552718404,9.45594140059455
"266",18.3234668282346,21.3402734830446,19.9691601120115,25.2251675866806,25.2603667763545,26.3367172986072,21.092561439755
"267",7.20447116340639,9.2391096203838,9.48106483002779,9.60869105260519,9.12114320254505,10.0917708206194,9.07022543539874
"268",9.44271903397664,12.4679695210803,11.7270708412344,11.244651153835,12.133824685887,12.8825175085687,9.66727848550079
"269",6.97017484211098,11.1962724779443,10.4852013928968,9.91704829196393,10.0251315645135,11.2151791388047,8.4269806926709
"270",6.89002709886308,9.54871188145886,8.39430192540854,8.67769177414875,8.18262849365764,10.206731491685,7.23614140202708
"271",7.80157952530892,9.72771177985067,10.2494225817757,9.07151301079122,9.82795796613301,9.63831918478845,7.78082008710615
"272",7.6943693672483,10.3294559559008,10.321699651997,11.375572517529,9.61421475761409,10.9210316456927,8.14819832330861
"273",19.6025653439828,21.3181253551274,23.7229195007215,20.7718728377956,20.2816775879533,20.7470242345545,20.2029969309969
"274",20.04403262223,24.3301702556596,26.3498440092043,24.5357430699547,24.0173705585109,23.1743675956255,23.2613255520824
"275",20.8014026232646,23.6193109621648,23.2670956015041,22.145251590439,23.4681685994718,22.3686825586791,19.3300358856152
"276",42.4468856385143,44.5525938128241,45.4384804113412,47.9128468798114,50.4866622499889,50.3153778845834,50.5427338665498
"277",6.37010722565547,7.84406863113239,8.31246999249865,8.6371658599611,8.30003199990868,8.69832675893793,6.88147945950261
"278",60.0118804487433,56.2935224611563,52.2960243550309,51.302872970509,53.0440314802708,49.5691162859792,42.808034615359
"279",14.1114411888436,16.733342752962,16.6272440304551,16.6155818277431,17.219596248849,16.2165629210526,14.4496047092932
"280",2.10541384503807,5.25113712104478,5.31269029016026,4.92205507990397,4.59340296075899,5.73932426281362,3.3479823630832
"281",8.46089129798811,12.3154264530721,12.4832630484922,11.8960803300756,11.9571698701195,12.5742537297869,11.019429879296
"282",30.2824626507904,27.7828909024756,28.3984547013445,25.0835259734184,24.8407558028664,26.6943795032757,23.5478741723752
"283",18.9999022980017,23.0542379446066,22.549785645327,23.2778599991744,25.2951377410658,27.5507237216794,22.9148823769881
"284",10.5852532912288,13.7169405076129,14.1101847034759,13.329555825856,12.685540538068,13.761872940543,11.7860610071654
"285",52.7560554028713,54.0911794713243,52.6065826712584,46.0269788022363,46.0602477549999,46.9618317366828,49.8666893971195
"286",30.6751590306751,33.5619550802994,38.0489197122767,35.3386739066277,37.634806018764,39.9008919536587,34.2327591966112
"287",12.0144916094927,15.9934002005243,16.1106386514197,16.6080640110321,13.995213846189,17.0906216423224,12.472949700706
"288",8.04889302328217,10.0837565478372,10.4766807858455,10.2652657749287,9.1900986200792,10.1189162023887,9.07952423285067
"289",19.1737136339658,20.4128310335062,20.6260633057706,17.9367676225887,19.0707985615836,22.2296753386464,20.2790238299144
"290",24.2318343631628,25.9089018967787,26.532999952783,25.1621094211667,24.973533319818,25.436136293197,24.8119561131991
"291",31.2775401535324,29.1420065982608,30.6715707338322,26.8169708663094,25.4270302475705,33.0522938196243,30.480279624737
"292",99.0838679776937,95.216738428861,95.0093640879977,90.4741573789436,88.7204376923683,96.6528473368802,97.0997902800514
"293",17.4697093459958,18.6126868377266,18.4185628477764,17.8289509261645,19.7426449510892,23.0414829708237,21.1566693221989
"294",7.96844477542893,9.7979542875411,10.4545640546565,8.14413504414779,10.4332777728948,11.8477020734776,9.58120316789398
"295",31.4438724005678,31.0139987113692,34.7619275625803,36.0972004370121,36.3610626900561,41.8461761919545,39.7386834051468
"296",16.1442842018514,17.0849034472702,18.2651910403809,15.7776451592617,20.1134259000243,20.7280636329564,18.8114211040193
"297",20.281566572227,20.1966120873149,20.7664670555749,17.7179508679239,17.9455487015402,20.0942841059625,18.654565519592
"298",21.7021407573904,25.6556536800715,24.0219392360094,22.1336212596687,25.5826317518658,26.0298958275029,23.6061875255582
"299",31.9288005359367,34.2949473540413,34.891547164851,35.3226528644896,37.8170639763296,40.6979599490005,37.356877989827
"300",16.7598285170725,17.4074227461773,17.0134000364375,16.1988678419904,16.2510172578427,18.8084831691167,16.7996470366665
"301",4.53984684812553,5.40261026841962,6.42285772130452,5.22271923811542,7.15195052505211,9.02953367153317,7.35195321344424
"302",21.337036086129,23.3019606751977,26.1861104585496,22.9023094657146,25.4585339320565,28.0190945165481,26.4592472985853
"303",18.2464843235417,25.2124115892553,28.1375180951012,24.5872085987715,27.2937723364496,35.8323797203834,28.1401190551928
"304",49.4488006047264,53.2946164053432,49.6199647629073,46.7025707630529,43.6135164433728,47.7650960867798,48.9699930906581
"305",10.5398402674069,15.3134057012037,16.8644706497995,10.4953134974666,14.2716022718422,20.9615415573605,14.3858580406057
"306",14.9052815872824,22.7982384627186,21.8707715737785,16.5034511978903,19.2897506914765,25.7455915425069,21.9660315303924
"307",19.9531815594722,26.4911312987302,28.0272205753523,20.9143628396192,20.5936781417307,27.5069569314986,23.6126007769816
"308",5.90223580072572,11.5907001426378,13.0613883419916,6.97806971454155,7.39284863588708,16.4156841006134,9.94745204201353
"309",8.35751848878499,15.2830290724653,15.6162813587306,9.45586674586019,10.4912625800456,19.6909273828446,12.6579923365735
"310",22.0228488368545,32.4648690138023,27.8260255531028,28.088959350076,21.1959800883468,33.1801750118895,32.6476191272785
"311",5.36599516435284,14.1615338269222,12.7924571738773,10.3804880552898,4.03893758854201,13.9915830584042,13.3068293359623
"312",41.7272937303499,46.8479657160033,47.1976819784467,43.8435389026093,46.610206629091,49.9687339807474,50.8635939439125
"313",599.006453272849,530.263271804318,532.417130064953,588.70738853901,548.678043386952,615.132060240507,703.144328956115
"314",-6.63714205814855,0.673375328093542,0.833868491754886,-2.84248312446481,-6.3976894999517,-7.34281733465438,4.88103341481026
"315",-4.4815779868219,1.75486560774077,2.48867653763962,-1.12914021779849,-4.32039395651433,-4.98068669102005,6.97660660338026
"316",-12.3050885723084,-2.54616117404875,-0.867718236282882,-5.76097679203994,-10.6928003990423,-12.3406809976667,5.32061516513275
"317",-0.479853346931382,5.62106462373914,6.11410243210194,0.972186882935829,-1.21675729502278,-1.29172089427909,11.3468209855046
"318",-5.50132293861981,1.38103552834102,1.31939441981382,-2.25137321050141,-4.53973292910925,-5.54749062243081,6.15398470232833
"319",5.4217191932013,5.31027262178805,4.14661857472641,3.71017679756434,3.97463560615299,4.89295394968038,7.24732029856829
"320",61.1393009343377,56.8554372000218,53.6495926009728,54.0321567890735,57.5643429723986,55.814060756572,64.0252677159695
"321",8.50366079571028,8.48496525070685,7.38582441006545,6.88772043554012,7.69806909848003,8.11175496898352,9.52456104947105
"322",3.7495912280358,3.16702263054939,2.96702477045557,3.01283296813646,2.77105212397604,3.91192133644491,5.99674189180184
"323",13.8459678889203,14.3289546251165,13.2569496335461,11.6604307613896,13.6765961701785,13.5166488467497,15.7115241334737
"324",23.2326847296378,23.4622353775034,22.3245994730953,29.7004936637622,32.0581517253728,31.4782148160379,31.346272590251
"325",12.1587625638628,10.4487494615311,8.22007962132691,7.68708213313833,8.77254056369437,10.2803989117979,11.9685326747853
"326",9.65783845740078,9.86430923368165,7.89734860685034,6.58916362675662,9.95715284206746,11.1041265237887,9.07126247641002
"327",9.05360662071888,7.22481576626157,5.86110421239214,4.80032523789049,5.51097392653569,6.62978131412428,8.5780302237477
"328",8.27238857167388,8.36741725880348,9.64706250509764,8.20827850316104,7.73908185881329,8.84226472328281,9.91218674005164
"329",3.49941956386266,2.67008058478614,2.38128086380099,2.35712250651073,2.23230743296714,3.52190763866405,5.15777361180827
"330",6.48825084597794,5.7780341336161,3.77048560473708,2.9833939932584,4.83404922422095,7.19457538092886,8.39870130852542
"331",11.8055626123926,12.9368581029276,11.3893453750603,10.1940802027975,11.3015856764738,12.054730966218,14.5479880583637
"332",21.0543247400666,19.8922928994278,17.9283477907944,19.2745407480539,18.8934235562106,21.1997571698824,23.4176093319153
"333",2.59431707578359,1.63450412494228,1.42916723841225,1.03940543455005,1.4561829590913,2.66162021432301,4.36700046206245
"334",3.08736287989067,2.92578689551683,1.7429778228166,1.73469218249218,1.93321251813289,2.4645064589605,4.31984340988763
"335",15.4591661633135,14.0649880595261,13.6638919956986,10.8087042233083,11.909061907877,14.5168929809637,15.6676951628328
"336",79.9987865668361,70.6357220871339,62.2119819804564,58.3179500999606,65.6151547466557,65.5158010282391,69.0885382915878
"337",4.81157934237298,4.26312534423211,3.63209315755645,3.35181936392682,3.33350372396886,4.29948432558299,6.04406034930903
"338",4.35374438343171,4.1569823465682,3.16314479337903,2.79439672607859,3.48854208084457,4.89165790203405,6.28198635572222
"339",38.2530628392066,35.7238835527691,33.8963958874023,31.4430950551061,33.0636792182805,37.4757047417577,36.3669234504207
"340",-3.67025228934192,0.205437929085969,0.744780770916603,-1.55193787811907,-4.21306580089319,-5.46314432241771,4.15990596683286
"341",-1.93392297095177,3.17673567116459,3.3704264096093,1.02222699061393,-1.5088319147024,-1.68951656299225,6.75124007276954
"342",-3.09629317705977,1.80801561550021,1.82934593368328,-0.896548092234403,-3.03523725043388,-4.62001325692662,4.76276999397893
"343",-2.10063354033046,0.954198558451287,0.811374558510526,0.0122519917368184,-2.09087320158912,-2.84437024079053,2.80286037568525
"344",-1.29250827936801,2.26007338602722,1.27793111073698,0.371192358230527,-0.47515626369209,-1.44637142723009,4.11997866651565
"345",9.33655866486265,12.2876889333033,11.1447378563654,11.3517672046093,10.1717024285919,7.97725213474552,14.9079556468415
"346",1.65742524659817,4.94726773082899,5.67103494603752,3.27980246073248,2.24838976132271,1.98747313594801,8.15446901025916
"347",-2.90541986543971,-0.159253518993688,-0.142114864838602,-1.18469689480528,-2.66044207468888,-3.05540728120446,2.45077096996873
"348",-8.10315405851763,-1.00096980699795,-0.26115768280833,-3.59522303008901,-7.37648848472535,-8.11548049012927,3.67553094519067
"349",-8.10515820459628,-1.27640966499633,-0.597637107785537,-4.0659198364863,-7.60311857586419,-8.68286556706982,3.2954489345039
"350",-12.6555195354219,-2.57725321971768,-0.974562301766382,-6.41422653026898,-11.1436324058954,-13.5125298883342,5.26653933049408
"351",36.2522108028348,49.5226948861039,51.9202828238389,44.5546761740577,40.8968935044684,36.0312444751283,52.3383545798834
"352",-2.68642762431967,4.25392774409821,2.66517804693568,-1.76110385707369,-3.21107342017398,-2.86585116377164,7.62534970262617
"353",-3.15153554272838,4.33375266802129,2.67342828288255,-2.04017113562151,-4.24835469563361,-3.70422077236947,5.64348000438532
"354",-1.98483708930223,5.06761172811851,4.06440661704904,-0.84962057235037,-3.41668226813227,-2.61770844774938,7.12945288312937
"355",-9.91763669988738,4.13029224584175,1.2926506680719,-7.47021947501014,-11.8061464315534,-11.0956579496648,7.70632231154176
"356",36.0858895325376,37.3035640411705,39.466903605225,39.7085516491666,38.3326444724361,36.1005595539531,36.9820495465575
"357",8.48041123712414,10.5024957275736,9.90880671166054,8.71414589380524,7.40815067353955,7.48590214255779,11.8659559016468
"358",4.92083759114727,5.61781498344655,5.90843335215395,4.42310452409897,4.40113544993007,4.98951657294633,8.25603015945577
"359",15.847951601855,17.265678372257,16.2510394205852,15.0828859809658,14.704365736479,14.4375708875234,19.2493415655545
"360",20.9977376002287,23.0335101771674,22.0361861364695,22.8004839453589,22.3955316636263,23.0469992964045,28.1612392279738
"361",5.24511928407891,7.06292530486664,7.27492610080211,5.37302851669402,5.25461817362011,6.24127514884621,10.2457576570167
"362",1.18716331006868,2.01212236431022,2.72164384562699,0.651062494938917,-0.110112654648575,0.474542701335094,3.83850654418813
"363",8.21099634495375,8.10673043142203,6.32187120018418,5.24180293563615,4.62395669109784,5.18424924455251,9.18070419916164
"364",9.35115308866513,9.06865212138304,8.37212458945185,6.97786927477838,5.86431980979036,7.91750081383366,11.9143758619807
"365",4.33493871622126,6.57100721859754,6.75670663058539,3.78157019693607,3.33867407508483,5.87954409735144,9.06580408278592
"366",8.18436212600042,8.92102142946251,9.18890277202993,6.22523713320784,7.74439335667996,9.6747372940661,13.597115119313
"367",15.1595417987201,16.4720782917614,17.4849166045577,16.6641371275956,17.0486955727649,17.8112681707419,18.1271472777268
"368",14.7791249281311,14.6826781906379,14.5031432276635,11.9076464197137,11.518002518064,12.434478123541,16.1241870721399
"369",15.22122354521,16.2950210246929,11.8896578909281,11.1236870304933,11.5730533674733,13.6925748179749,16.1520992115204
"370",40.3257195480074,35.7540492692396,36.8654593593696,32.7931501887632,34.5196180424889,38.0705722169988,45.4912963709809
"371",6.23406667793332,7.80906292594659,8.69346896487095,6.18674302334281,4.97199679244769,6.50267728150374,10.4873843990478
"372",11.6387421635387,13.6944751438067,13.035755076525,11.2905523819847,12.6296606166446,13.0510142662828,16.06825598313
"373",-1.25890457946696,4.04521277292955,2.00405214935293,-1.26777424118799,-3.49996869133965,-2.89972071870824,4.90794863644534
"374",1.72544276678732,6.92463973157846,6.37319110797784,3.5682290652242,1.64655597938864,1.92103834232182,9.39583459147158
"375",-1.63839352262061,4.05855563192015,3.53629850227928,0.00326476980933922,-1.48798076479128,-1.33879165672516,5.76480116987859
"376",1.45244156620292,6.70118906508094,6.2859003381367,1.95630870171356,0.460335803316513,0.51947993601591,7.76052202714994
"377",-0.748332414495845,5.05894485588666,3.77111922138931,-1.31927781377717,-4.59390648607444,-3.05795353874833,6.19919341787418
"378",9.19034203492776,16.746985588786,15.39817248174,11.3117384401377,9.11179104986564,8.58486205062083,17.7026562087814
"379",-1.30908957525505,4.97779527728859,3.65505133451649,-1.43438392016914,-3.44291838472414,-2.55501240777381,7.53739494008417
"380",56.1371449755332,65.0283046455857,60.7606365365989,52.331537860737,46.647523474197,47.5318599890374,70.0007289640805
"381",67.9386310340628,47.3113657828537,10.3371428407475,46.0419416852121,-10.4923083618396,-31.533509585009,-23.2803988104492
"382",63.3578231103489,43.1819989086567,7.56380285445788,42.6278062296973,-13.1351260969283,-35.4937892875619,-26.4402353405486
"383",95.4234228985043,62.8985486335571,9.82534285870375,63.4169753248858,-18.1295509077964,-51.1741532262399,-39.5323818378907
"384",104.623228874934,73.2988329251231,17.9560770652398,72.5385053823912,-9.48188683608858,-43.5696977536064,-31.0228892005801
"385",88.2456064321009,66.517449556786,66.3044321630682,84.673093966242,81.6585410877871,80.4287935283742,87.661836804569
"386",1807.28906345905,1422.80352133047,1391.03109384143,1842.66856210147,1989.23643720133,1904.20344409744,1817.85695093567
"387",53.9340524741203,31.690068420289,25.5992472240057,45.0285455471298,44.0466598285661,42.3863512034507,54.3541433199966
"388",137.256096846412,88.3357936702981,104.596241242318,158.154188323345,152.469942451573,145.788694953165,150.141924081431
"389",1198.37329197793,777.357171235573,802.422390230988,1289.14610116731,1385.18333661889,1321.12287769472,1327.77247828293
"390",38.9475059664302,19.4880582729799,13.2673466350282,28.9806806421354,24.6074994909556,20.3201576322842,34.6399261434243
"391",488.464478490954,275.468804527516,271.684658288285,484.651380697661,658.186876646769,640.154066648279,590.819475342033
"392",118.945130358868,87.6894084809654,79.0928156478198,101.868879489714,102.631578808573,101.52838001626,114.630708875944
"393",797.315979970748,636.615960301938,720.107570899034,937.552900488375,991.725511916733,773.269484144952,798.757097428447
"394",48.8567190233318,31.1074249109734,25.1224787299366,39.4582254172524,35.4991325148294,31.1687417974245,47.540453133944
"395",284.326325426475,205.086419283547,200.947872409855,265.114820651052,311.618029003077,296.333052256655,304.371904553844
"396",329.477112780646,273.037957370042,288.994961033475,384.662885837271,385.907152538938,390.413435558147,384.607408704941
"397",672.184693342939,389.424340423186,348.783993012294,652.590253997117,735.403429389989,726.404493903299,707.287676034496
"398",35.2873449416732,14.5738612994749,10.3170225709038,25.5895826131297,20.2285283842447,14.3032833120088,28.6335384259753
"399",26.7528009480366,9.87727754944455,4.39625168511098,18.0337075475756,11.9927936803525,7.97796831062153,21.7902697903432
"400",216.220612534455,172.428124604626,191.826351412538,250.926939179896,252.126634958611,242.076963998308,238.316255748631
"401",537.107422837011,376.644921479475,425.010921724882,583.596845795923,633.78856122795,592.587355233466,634.780351817775
"402",87.1374368732752,61.4120494686486,55.2240297860306,78.962362456654,76.0717567216001,69.3262163154764,84.792070565813
"403",144.112206466302,76.6509410708412,65.3977091384863,125.679723907609,131.664827706282,122.985556221065,139.424486338096
"404",1040.46759128968,786.415459805843,888.475490812857,1152.87534920942,1242.81224286389,1243.31281909592,1169.80592554354
"405",30.8932700269609,12.8906947973765,7.92320800901542,22.3217126659692,16.0432890714962,10.06050596675,25.7117149266798
"406",80.9073883741756,62.3750848940695,37.5848781906644,63.9571971048518,19.2249176655248,7.46117144178146,13.3435461219559
"407",51.6345106818157,34.3879213510749,9.55259917680584,35.0303830264033,-8.52417062095769,-22.2146613057513,-14.5821473891313
"408",178.973352116467,157.122021689759,133.554105025344,180.397176655179,141.990748656147,117.821694662596,121.278162207781
"409",38.874774956967,27.1190227525827,13.2702645472796,33.7185424579878,9.94649874182945,-0.0698452048110658,1.65802483725842
"410",48.7078943461701,37.7953361501256,19.7702616834486,42.4493793230043,17.4088133441223,6.77449988450713,11.3165235978624
"411",152.775765442956,103.699152375863,114.65080062655,176.689640403995,155.68461595968,132.68386649546,127.767609645441
"412",53.2998819603578,44.4225238826955,26.7029666127859,47.3590167786067,25.6366499576456,16.5108547170726,18.651980450662
"413",58.2911005267133,42.9404033683214,27.7693194565518,52.305202843728,33.101672997838,26.1718807174635,26.7263651394112
"414",28.6893620760648,18.4332577270149,1.95196477943067,20.0638736529312,-2.92518437583354,-13.0568740389189,-9.66221756460329
"415",89.2907294180175,64.5192655109852,29.1542631530745,67.8492910475992,16.0296341725319,-5.19190304919164,1.37801451859349
"416",78.7759875240147,63.2046674305421,25.4612776215518,64.4384443410629,13.4511544095258,-10.9891328121582,-4.97996811305029
"417",186.316208684766,137.885314970775,86.8346585866796,153.039427105759,70.6679387338863,25.7348400165015,42.1678528122543
"418",1802.42640003231,1563.1104202584,1427.87703987534,1783.85649711546,1885.65974858135,1803.47388039377,1818.59208148297
"419",48.2745885915284,-18.6602398506813,77.006624657067,70.0948048431172,107.19871681574,144.524466657515,117.17624432788
"420",-52.7461519225508,-108.953708330287,-21.172853039003,-32.7064151022527,-3.11692268557389,38.4714538040773,4.88052517566498
"421",-8.78806399336951,-68.5509106244949,19.4394630996567,23.1063176025371,54.7574250098854,86.9689628155728,55.9231620557329
"422",-65.3705907838962,-103.12395394858,-35.0468427098782,-41.8006104860658,-20.6255220040785,6.20584546262047,-18.7349477292359
"423",-60.1402822458613,-95.8319245632611,-31.2068215717694,-40.5082978585299,-17.6659902142723,12.5641599826093,-14.6085820618382
"424",-17.266657441291,-70.6842004091577,-7.15522397397186,2.96580797944415,27.6062017902398,56.2564264500546,26.0950293152469
"425",-78.8304229642198,-112.334918141997,-43.8336139975224,-54.0995253839821,-34.5504435046406,-9.0905054811367,-30.7814174055539
"426",-82.1538135516363,-113.371436436612,-51.3817303072238,-60.7085070971087,-38.9009481979422,-10.1297797058087,-32.7922313182576
"427",91.3800204390647,58.3113223801354,141.377447386487,144.065249894203,174.955568651091,190.437415720795,178.406407131932
"428",-68.2669255198464,-98.8042705811142,-35.9985692352144,-43.3424477891023,-19.4335285686437,6.22125017212381,-16.9773571410537
"429",289.333481124403,145.44210545438,211.672842276888,301.451739754128,352.529131264493,394.277152650488,380.082142596855
"430",171.137882679634,33.2746494875292,29.6770376526552,164.36548727365,160.966879217336,160.410897268906,145.446479157523
"431",296.133137200371,159.727095474907,171.827619016132,312.228753269113,295.434576365372,280.721077937507,267.788138707919
"432",15845.2884106321,14617.7373188587,15172.210004265,17289.5258418862,17905.182195988,18106.5485315444,17792.282828643
"433",939.925739742431,677.424757830951,684.886762085154,862.870629492893,875.421758985805,893.114754698603,916.697989785392
"434",293.422047108799,144.008070813594,131.154050287326,295.193322357123,314.458166449272,312.441353812372,311.670493440241
"435",41.0755200088356,-54.5028849972526,-74.2174325621037,23.4897910914998,10.1075232909292,-0.670212731595648,-0.22995059090599
"436",699.320881334546,451.194960459695,457.399457389402,682.721886807403,764.129827823229,788.589791309337,750.083365751686
"437",4808.741535631,4266.94776807652,4316.91264098277,4679.58638876008,4925.18414911185,4723.32587529325,4907.3467934856
"438",630.58083006995,427.782088149406,466.867474971836,703.844079195288,739.112860055137,687.273934381156,669.265128452363
"439",43.1832604206568,-53.0646716407638,-73.4143319677838,22.8946315707262,10.7299483806726,2.97462179736584,-0.717402133816699
"440",2189.16658445921,1186.3901508891,1309.19999449848,2394.76973836955,2589.26764520567,2466.39984990271,2517.33556301694
"441",124.451092211601,7.15013776732087,-10.6080194167248,107.79715078506,98.1509154703519,89.5152902723863,86.713492705452
"442",200.372028800411,69.0510853417826,53.7767614708525,178.926766573208,177.555288643992,159.868050592082,157.218695957235
"443",1117.26155516543,765.159132825306,763.671002801968,1096.66329306024,1199.35736688872,1174.62165166393,1171.57921536406
"444",336.490192869725,196.47120558679,207.106976930904,366.78341025697,370.53272090235,358.192788148386,345.912192668744
"445",58.153881517052,-39.2422667899565,-58.2989030542378,39.0142986109859,23.8746131314174,14.7812948334598,20.7528832681245
"446",1507.85847899407,1243.04286085309,1306.71854918914,1687.2201778264,1796.97186884241,1895.84650518012,1770.44432766931
"447",70.2215771362406,-31.9378825571134,-52.8933931041866,48.35516088671,37.8873771101051,31.0465669756205,29.5680344843672
"448",910.059345692927,580.27332960278,584.058453973979,831.702599701022,892.128973334196,849.457467093782,866.157828645478
"449",2381.97346923103,1745.2815083162,1770.75492614452,2548.71212118842,3110.32330927488,3019.07709600326,3010.43297513305
"450",1763.17488524931,1215.54347120907,1353.95560974059,1802.66695517553,1933.82916865276,1937.84540655305,1877.73277982344
"451",33.2965988880867,-61.8205405550644,-79.8449454881912,17.2628433138293,5.24209341981337,-5.43535325783433,-8.7150437005232
"452",2928.08894774209,2253.73634229672,2495.45853942179,3407.81514852748,3876.09772333244,3776.10224248263,3509.72423489372
"453",204.789570306186,59.3028401041009,69.138104856273,219.650902927668,208.802008006369,202.164986629289,202.264090856727
"454",145.577129811521,40.5212315192317,18.1158575383777,123.835251983676,124.158682196435,121.726372733365,110.742408113186
"455",1140.40315673353,918.67896925581,1026.42045349045,1351.68441123005,1349.38336787134,1327.08136846694,1262.46739896389
"456",3614.65828368377,3290.339369644,3328.26542419106,4069.63814657865,4497.15045771198,4780.08808233096,4666.016715367
"457",102.333683463406,7.64162336660796,-13.4930902137965,79.7848369466504,64.459837288915,53.7445154357337,56.6915353126061
"458",1083.86690184858,814.185866226669,766.503827512029,936.695763766929,983.313116404193,1014.52472783961,1040.44737943033
"459",403.02150389787,222.586378920717,214.652051387672,397.965600191169,410.524694771708,391.612618462961,369.725089389639
"460",1221.61665770833,728.315260758232,716.793988645164,1131.80831259543,1274.75775751787,1242.32209112126,1228.83714993854
"461",3885.05818602684,2868.50489698718,2695.79813903422,3077.12545126546,3724.14801630498,4240.91425420521,4387.36925442876
"462",516.59553954344,304.026747573939,306.110364376863,532.504906832863,582.015020700571,541.229683893789,507.459525425926
"463",19.6885918451757,1.69325110954464,19.9851418632346,34.3842703007558,47.4857282362582,53.3786679321855,43.8666547615434
"464",198.283371805306,153.874704807469,184.740158182973,231.81098232853,303.565463029711,324.535940262141,269.265561460478
"465",28.2075928526805,9.89655158597711,23.7950707576494,36.6017385629116,50.1342267718756,55.7048359929557,49.4243787610297
"466",7.05831993053505,-7.92690994953932,7.46695719870914,24.873959170943,38.5407666851411,38.1601620695007,31.664782886317
"467",11.6409577181614,-1.31478645951427,15.9172745821907,22.6843935131561,34.3392953572298,37.0168286352773,35.1339601332377
"468",13.7081002026761,-0.423396614459469,18.1215478042563,23.9473100759826,39.7199773465814,42.4490223891255,35.9660314353246
"469",24.2002648176253,0.308250879655887,20.6575585492022,40.0111890922644,53.8256253907413,55.1573391955381,48.0213826960509
"470",-6.7918263540172,-19.2816319648329,-3.50431240083202,4.5151067938104,19.3781099109149,21.4389229894994,16.1238731290366
"471",72.4807976555735,55.0760216477455,68.2181473867826,79.9815145632979,94.7601880749655,95.4993191771404,84.4059423285212
"472",104.899735334692,95.8697151868415,115.123886213839,139.577019319941,150.959338156102,149.713766194254,138.056973818332
"473",258.327362901585,174.390665507126,195.427917588918,276.334572424041,314.100619287729,310.974111656985,296.078793890403
"474",221.127091292997,184.263163063899,208.134643661249,246.417320834922,267.632388084237,273.667989828462,260.8340581703
"475",11.3732060255735,-4.39865257793308,14.078052628847,27.1909147393011,36.8426580141003,39.6061249774674,33.7865976161627
"476",361.133423686764,317.019556493379,324.575088604285,316.353706939526,352.621340716962,369.276632402539,356.905942321564
"477",51.3379143541669,33.7993187663547,46.2015381943368,60.824112524081,75.9997205449927,71.981462578555,69.6100210021591
"478",-13.0903168823197,-25.1012048938063,-10.1072110020817,-1.32341230668721,10.8118681653956,14.1034947471868,9.06114972647176
"479",9.11540306311558,-4.58501579746974,13.2533970967131,23.1490732331644,35.999560328197,38.9728146603499,33.4752248600725
"480",137.993668443815,101.842066264162,146.01803599733,181.885384191862,188.156924219626,174.836813073261,167.593076117224
"481",9.81577575786302,0.120205377680665,12.9563695077884,27.5268942005838,39.4177083676963,44.2673169173615,40.1467794242252
"482",18.3736504402581,2.62569663679734,13.916570773708,29.2084890521257,44.4242543912653,49.2501240798882,44.64838160015
"483",711.648438339576,598.198358987329,644.603561508528,804.410774815114,892.185305565442,915.208639243272,812.134854679831
"484",1295.78509605347,1140.43706748261,1308.63993846081,1478.59693204069,1488.50836464644,1530.97817049223,1382.31991327254
"485",29.8959702349321,13.089819409839,25.0392457165801,35.7454458402348,52.1470327126304,55.2707539637672,50.3332609041852
"486",1.891222835032,-8.9878344828199,5.5766392784675,13.9088960719147,27.0165338166202,31.3025570848349,26.0921319727355
"487",38.3732851695311,5.78535527364983,29.4649775088193,46.6266082353191,56.2473874891846,61.0929277815845,56.0385011871503
"488",57.3912714665061,20.7553336056317,54.4711763913188,68.4941314280287,78.5216947394777,82.232560959603,81.2955354882219
"489",235.656568406744,187.512543387031,218.625740298825,249.585401879123,268.513798320679,271.507905812838,260.889537262804
"490",632.102125042712,469.51155156179,492.728142028126,598.501234393872,642.598484594945,668.890352096803,719.360728664
"491",27.9765146901695,-0.327140150469673,19.8363001388349,34.7409385249439,38.6750837149793,43.1259439841563,39.0820535835894
"492",4.1626509304294,-24.7638886597492,-0.298724890390386,14.323252056926,17.6284833672744,19.6409967735793,22.2249311563891
"493",276.137372843789,221.466049851397,260.143120054011,320.789656023028,336.598118382216,313.128785932877,300.446422021575
"494",197.897397873157,144.737915700328,167.137352236103,191.655104026163,203.419102274287,208.24405083088,218.618678496679
"495",69.2605494191139,22.0970236678392,42.4985888045541,65.5295547053036,82.3291364492907,92.4332369223241,83.3382066902148
"496",40.0050867766644,5.89576787292503,29.4107287006834,50.7708037939202,56.1764570102899,59.507341235823,58.2928613881975
"497",100.595418802823,63.0457159887201,89.5818331273549,119.727201798944,136.49202402139,136.668763959741,131.398173730083
"498",39.8965738916624,3.47352665639899,41.4495470542649,62.4635528105951,67.1370664392116,66.783891521583,63.2179216532674
"499",-12.465213899002,-36.355701740239,-15.6981370383127,-5.48884262305171,-0.61126462494795,3.15370067814312,4.41040460738458
"500",33.1531389879308,-3.31778269836227,25.6492388287249,35.9982055228917,42.8668027697948,49.3602007281755,51.2179903202874
"501",489.40014648497,330.276922098625,432.211808357997,550.360466824977,576.245303861319,581.372154345021,568.329497196691
"502",200.183929451056,133.98454844743,245.477585952143,273.480553502195,326.977115392431,356.409721491472,323.426451550103
"503",-1.72325134016412,-48.0771886174355,27.2760554911214,32.4950951229446,49.6417348327321,92.0880051773044,56.1419437931128
"504",-14.3322067223832,-46.6896382625155,38.3212138783024,37.1535957954426,57.0637013866361,91.3882142238992,70.7813252029788
"505",94.3904483343529,18.9217395398136,127.065691902775,162.18107517123,188.239895753011,221.414946217668,179.726880614913
"506",-102.416546101329,-145.447998560038,-63.6802473498007,-70.534279745644,-41.075290744842,-7.37482772063921,-34.1407379431722
"507",113.71085238787,21.1930408100019,103.991808846815,129.237502173987,173.986355714798,191.075163503684,177.339902466349
"508",115.351641086371,76.8618429843535,141.537742580009,172.808452286436,236.412735505192,303.517427175463,237.18681455225
"509",-82.1896530111358,-92.3570195488789,-44.9479542122454,-62.5135138844243,5.49249319604529,85.518472402942,25.6078770221581
"510",757.370439915796,724.634395475696,840.649085964946,946.256023088551,977.617874666749,976.003251761845,928.062897927684
"511",20299.3880790752,19398.4022787758,19282.9288711206,19961.7670094159,20582.31086783,20905.6888596712,20969.194978005
"512",10.8242463563704,31.2011747114214,40.4774645335584,23.4852855863425,39.0329068610691,74.1772246687751,92.0879465922647
"513",-3.31846766517554,18.9807934532417,28.5289052511406,10.8336160861765,27.1774304838766,63.190543209675,80.3266338713248
"514",7.00414673940159,36.8279397121455,51.859849478168,25.6333377159452,50.2857003378903,103.427819301422,131.745140938068
"515",116.041849247107,143.701196806574,147.678051331116,138.610562789718,160.760323855404,200.300426835921,207.484937608909
"516",1.77001392018036,25.0503598621809,33.9135497596542,17.7128796463287,34.4776299927271,71.9612649632994,85.7243041405225
"517",113.627515633065,57.0017719008216,68.6724447349113,131.572365129135,140.973543990912,150.220743095749,134.642620943991
"518",3683.15406592498,2411.26762578178,2175.1467870802,3495.84291871693,4364.15000425589,4349.0088366615,4133.28576364303
"519",276.402021248041,206.916017506073,192.727033052559,251.443245255823,294.236582625886,283.089509880132,269.348141573591
"520",44.4121969526797,2.56141659943363,3.52218953116561,55.4464152689273,64.5867718345284,66.6698092572261,61.8585556967818
"521",223.580579599149,125.168062185075,138.662732516753,225.466682757356,263.947977891176,279.067155755798,265.77930917776
"522",1333.1086557692,795.5707263681,746.529660615749,1134.59621461584,1508.4362591392,1618.59636107606,1651.49059762792
"523",74.5690706565725,38.9826373796043,36.748521242755,87.2998202686162,93.5779141084381,98.5750140311501,90.1674927705032
"524",604.892652352108,307.32127568525,331.385770235655,603.351280534708,749.085978378436,805.564317619995,798.062802218723
"525",152.003782116356,74.8488788376249,88.5062307489562,166.155098287313,189.237757557025,194.163713375788,182.19422617273
"526",333.486707535064,204.626420954981,208.986432473336,328.544182153366,344.900645134227,360.715135498945,341.050991923786
"527",29.7545126290262,-6.94508650360386,-3.25881441867285,40.3469909093177,44.172837129606,49.0683039804435,44.4492711078448
"528",142.227918467456,87.7260684726395,82.3921331524901,177.204521503616,198.420618883596,204.643922724797,189.869641210227
"529",363.11945899511,184.882356619873,153.053296482837,321.690513935573,460.556712023579,472.806383052284,428.532620336539
"530",640.19764502889,331.740861867737,295.577145968949,573.114097918543,654.962626328734,628.498399652341,607.151059055748
"531",28.4268854487942,-8.03664591219888,-9.11356409669419,34.1084159294417,39.8062552147125,43.2779349485729,39.7714547187827
"532",48.7176569343208,9.11607358645234,13.5010732791821,60.4326747349389,64.7046879475855,74.7155512981019,62.2868546528965
"533",289.56941016845,194.811632133806,183.352811254618,274.020088522031,322.286631458755,319.107896725764,337.260983375242
"534",1171.22181494879,787.583238575054,681.077939424264,1152.9454577798,1428.02134214691,1430.54435912283,1378.46947946376
"535",43.001903371449,3.76175114658681,-2.18013629160644,40.4747508380418,58.4833935363299,62.821508321056,56.5059193571867
"536",72.3684976926454,28.2429027329895,35.8349813594125,83.9154399317198,85.6013592417215,94.4734667938832,94.0470551523485
"537",1156.05433448219,718.475450490931,731.957700168318,1149.500145282,1401.55015074299,1471.21891967206,1455.66955270828
"538",10.1874042399976,23.4689658718617,31.5592210440919,18.6615046187693,33.0568785778155,61.2741246498148,72.2490365076237
"539",18.4196430087079,34.1196645329682,42.0295579574353,30.2587298071384,46.0163321596944,71.2262215880049,84.9063155213201
"540",63.2171054699843,63.6126493029089,83.9133622768814,81.2164343490542,99.2241492350648,130.693907285169,135.153286649408
"541",1.60879808597748,10.5890739674553,16.8934784058495,8.80263777356108,18.5541074379546,35.8528559421231,44.2505307338919
"542",23.1008735184893,32.2130869053925,38.2522397070005,33.1848089165784,47.8708126532619,62.780553588906,69.1708059335491
"543",165.694785649942,119.352126904475,139.960470685264,173.108057214571,199.492161995328,220.462697761399,221.530585298863
"544",47.549384648924,40.6206587037561,40.1342091648428,51.0109045045672,76.7883198321966,88.6397302320568,93.0846166708882
"545",0.6797476384913,9.57146103170388,15.7463197814186,6.93232341192213,18.5445950114056,34.2443816854055,43.1150467516181
"546",8.67806795386729,28.912727809882,38.8995965505278,19.8235719882172,40.0054750572814,73.7170531303686,91.268058717912
"547",1.29504278274622,23.2106451744206,34.3564027318543,14.3391617004786,31.7813415638833,66.8060976993829,85.5813187944465
"548",39.3449203247429,66.4458610669776,91.6883654871564,80.430305225302,109.333413143886,159.179481558908,180.802133472021
"549",3169.03226773333,2720.02805062391,2616.22016861518,2942.80689976516,3259.23911382369,3382.27215581043,3454.69469251971
"550",50.2642518495476,36.9873872232455,0.623977444958489,23.4248133525683,-11.354999834735,-31.5699130226755,-30.3301961887044
"551",50.4717294183006,39.3668442194542,3.49731232887108,24.5648504115053,-9.07928400767869,-29.7420316873592,-28.6583097455027
"552",62.6406823615278,50.0864134268292,16.7745788324232,37.4559670319787,3.72055072199008,-15.6066824122327,-16.5396593076666
"553",107.005365652206,78.5509789842977,9.4055839024234,54.841086312575,-16.5371242657797,-53.0575480327961,-54.6587434751863
"554",914.558388637365,741.186198086918,831.820849637332,958.966789822255,1017.83879072481,1003.3053302538,976.826147203817
"555",26.2039937232318,11.2223919333674,1.70817873765225,21.9346567183928,17.8510778631877,16.240011190986,12.8790208137454
"556",37.7914628196288,24.2146633528134,8.7838222730701,28.8990560515022,24.7553461230807,21.6474322981107,18.7294102894342
"557",74.5105675925345,59.6692379429553,43.8263237279915,71.4238592193221,65.9944227439494,66.7551059496969,63.9700604729573
"558",487.520516318665,345.098063317665,357.548419213673,422.666893577677,442.240829294479,448.431947680835,478.982763410183
"559",71.5937508809523,44.9812458468717,37.4468757908393,68.5465093656462,68.5825956563806,66.1621341477707,59.9658337882194
"560",16.2988042090284,1.73292574299343,-8.24321248247733,9.16247902212079,5.7630766119205,2.86892077879914,-0.212519999747184
"561",38.5620412075676,25.3674076490515,12.1288025160541,33.0909219761431,32.4099996760651,25.9938087210135,24.4666196133113
"562",144.030663414212,110.869776575202,108.621821619181,136.670937157619,148.869582957468,152.38417241317,146.750082136653
"563",82.0052346456498,62.5300167514564,53.5557129185698,75.5251699491927,74.4057081442256,73.6406802904013,65.3466931632719
"564",162.368584562002,105.250452849188,86.8263580617576,139.595131498887,157.363326859534,142.525453546748,136.829763538746
"565",128.984467429703,96.7546490111936,75.7518036132625,115.195389366455,113.888694590103,118.235994311911,107.934530378171
"566",197.585808680273,152.652094692477,150.466647365911,186.418724635648,194.287109205144,178.254335379626,172.233266953677
"567",233.96810237844,211.182749597136,183.109851098618,207.547264671637,226.22909528591,230.12054631387,233.648946882083
"568",375.832192346637,348.396555751511,357.459735133914,400.08821926391,421.654830762086,425.453584646523,405.689031723507
"569",26.7307461957336,9.90776524013588,-3.06558205743216,20.268776515737,16.7376116009892,16.2300662758409,13.6197263044795
"570",210.36609737274,144.459879723392,129.437533593018,192.829430198146,188.310607736207,194.668870897946,214.759573101907
"571",39.9265287558455,29.7959977483302,1.42983476408056,19.8804123568866,-9.1261791674375,-24.786576552826,-25.2794765857021
"572",41.890661542782,31.1944962844598,2.75203506339228,21.3515575110974,-7.87489599742449,-24.0830047551739,-23.1549877539098
"573",40.5057142409929,29.1135846465405,0.915074269236963,18.716269747535,-9.51101488824128,-24.2138073885373,-25.149049225913
"574",72.8311913664007,63.4637299883445,34.9897584141969,50.4667589846563,17.9895077275827,2.23673935527413,4.95918136721757
"575",50.3440842850936,38.1761404712654,2.82257118143476,25.3411047095672,-10.276355200486,-30.2068190495015,-30.0956194856259
"576",119.851766608393,101.022685690556,70.7036246290238,107.597603999874,76.0892439547716,51.9787945825298,47.8146807690267
"577",60.0059261502452,46.6674677534398,10.550719161286,30.8771259378725,-0.879552779602589,-23.6646103824863,-20.8439505600958
"578",1503.74192456718,1454.78783163085,1314.36964373283,1375.63598720755,1408.77158201863,1462.70121814237,1410.71391811624
"579",559.199026036437,1077.05385280062,1382.82019913218,1489.54168044684,1583.84775191022,1894.32018804895,2294.34472629327
"580",-5.51016785285047,-9.37428103313211,-10.509134095533,-14.947464478471,-15.2487087251062,-15.5956405870591,-17.8605139997548
"581",24.9208566940868,23.514624011138,21.8534137746045,17.9186129400119,15.0409502934661,15.8257299144121,14.3550082847
"582",-8.52495588458676,-12.6365109527024,-13.4494883236987,-17.9829602962969,-18.2778767350375,-18.4174605483091,-21.2810450344041
"583",-5.7072599092652,-8.98125611183955,-9.40511063909174,-14.0645580416965,-14.1545753481824,-14.4687566036027,-17.1750787048061
"584",48.0421640729111,46.6610893179791,42.6679355697571,43.2534747013652,40.5548396123166,39.7015424511673,34.156815694509
"585",-8.03933049580282,-12.7546235144439,-13.2115670832866,-17.0424501994949,-18.1749652600249,-18.031314775009,-21.0403877020913
"586",3.60730765606866,-0.653502091685109,-0.568738741005201,-3.89312030197553,-5.07671403974959,-6.19300501350633,-8.67482359755959
"587",-5.42517926347945,-7.98656569778617,-9.66134147464373,-12.9775076084741,-13.9311156323732,-13.6297916693907,-16.5381873446657
"588",8.73058722821895,8.9987167275485,10.6403019013777,6.71538876238401,1.96165037130274,1.28694589200574,1.5067512245792
"589",-9.04226674302841,-12.8913509100841,-13.237351578898,-17.728186739803,-18.3817863474435,-18.4651768089837,-21.2066419875615
"590",3.99273417904326,1.67384757263841,1.97641869317314,-3.4460272902942,-2.75001573475836,-3.60282747568896,-5.79859621690574
"591",0.0267450641692808,-4.10577069247006,-4.91611747211642,-10.0612921849638,-10.5438914311674,-11.5394071821534,-13.1833418169272
"592",38.777687293573,35.209219350412,35.7984096572137,26.8309702729876,23.4622073152192,21.5668721901304,22.6738597584195
"593",-1.31602074116274,-3.47822437948667,-3.6239555278981,-6.90447856057121,-8.4338450415182,-8.1778959486915,-10.5837343462795
"594",13.8728239382968,9.55210723092186,10.6615421362197,7.70282124274288,3.04274320628741,1.06129701252431,-0.650393321405487
"595",-5.91090227769548,-9.57685194858303,-10.8086674629319,-15.0807256825004,-16.3669514660094,-16.2437683816041,-18.7202130108838
"596",-6.9144885692416,-10.246486051694,-10.9108872822561,-14.4699330448826,-15.147637366889,-14.8787330853387,-18.2218659661128
"597",27.0692789387536,26.5590957550457,24.708752828247,16.7416834697135,17.8103518474128,18.6492391344533,11.0074168882904
"598",-9.59543259560733,-13.1424647416704,-13.8509371697826,-18.3190088995866,-18.7060390716213,-18.7523261782206,-21.8456235678154
"599",-66.6351838578104,-91.3588450713828,-89.1222256808793,-119.268389706444,-123.252411566684,-127.387220379371,-150.144505440837
"600",-62.1976988800032,-87.0159846127853,-84.7561482595534,-115.184632903865,-118.20126255795,-121.917374371128,-144.87175637645
"601",-40.325143281431,-55.1001261209559,-53.9241917242817,-71.4108338022421,-73.7384506952151,-76.4815963244642,-90.4555589550853
"602",-40.4333549195815,-55.1851241340299,-54.1432656770869,-71.5817987005847,-73.8097570447584,-76.5796893590332,-90.7146685730985
"603",-35.5740027488819,-51.0993654486281,-49.8034167421814,-68.5502375054821,-70.6283119237572,-73.4462135793271,-86.5545393843893
"604",-40.3246971416104,-54.5895690663554,-53.3763814091135,-70.9825148258649,-73.3646681806874,-75.756857012358,-89.5870859031273
"605",-66.8432121458654,-92.0139733877302,-89.8987011564382,-119.821879974056,-123.731811815455,-127.394365840291,-150.438987569136
"606",-68.2764587288775,-93.1314870594922,-90.8640413984853,-120.755919850196,-124.366506958243,-128.312709697508,-151.179213912697
"607",-99.1160720114739,-137.160455819473,-134.472050667227,-179.188424715506,-184.468058294025,-190.460445997356,-225.082204015772
"608",-54.1443420175799,-88.882045027056,-85.3187760118143,-129.933909305959,-136.152309125549,-149.968248841322,-188.226072581249
"609",-12.415699724769,-7.6001918376002,2.66162650686389,-8.83528099328323,-8.14768304393101,-1.07659450065937,0.447651759122959
"610",-14.0001867163521,-8.89884675188024,1.39334409298262,-10.359963515535,-9.5872183045751,-2.32205203113556,-1.25017128896998
"611",-12.6898231561994,-8.16559196227808,2.48559432017059,-9.42921994122852,-8.75914635351453,-1.77180436273841,-0.585323438993982
"612",-25.6397411182171,-10.6193338171666,10.4980093006876,-12.4878262471104,-10.5942570974822,5.33875513115772,11.2705124903698
"613",-11.8904341179809,-6.44060160185776,3.57281602457527,-8.15824768935306,-7.8107767871782,0.0565396545144598,1.08557279684498
"614",-14.5638480353592,-9.19430385491743,1.37006167610395,-10.7912765541684,-10.3591165265756,-3.02232921140793,-1.2795442910706
"615",-7.99556383759202,-3.39922548873128,7.28321994299022,-4.53496907235466,-3.10661132937779,4.34027564414075,4.1986456681081
"616",-2.0586859562166,-0.337977346717942,1.95502585206847,0.727160574562862,1.81054348158929,2.85404225073066,3.01965202263706
"617",3.10882026211786,4.43606311421754,6.05417901348432,4.77189386085839,5.86474079339021,6.79037209275235,6.29584421130829
"618",226.6512082253,229.422968689792,239.239640058612,245.53890979572,225.269751494505,228.523365696413,222.520200386686
"619",14.6041711003997,16.5111931005568,18.5008209360389,16.6547716881441,16.3967904499118,17.1104838449289,16.1497808841398
"620",3.06340628915398,3.48999101076204,6.18163901442484,5.49212777600557,5.57725566857876,6.98087854885929,7.12832416289623
"621",5.68286830275906,6.41313439793549,9.91089802890435,9.00720965885577,10.3378905680991,12.4390284592215,11.9025312784591
"622",108.912720980288,112.859164062071,125.084084332194,124.192840458374,120.208266202541,112.160237032837,117.417974127893
"623",10.6988318610537,12.0343540365578,14.5851886897471,14.519883994574,14.1220874258714,13.9316241360505,15.4067427084667
"624",23.2342999603888,24.1132419740106,25.0275715001434,25.4442518969926,27.9345158980081,27.8960520817106,25.3896347425641
"625",-2.40256494229534,-0.487735329522085,1.97068983192489,1.36842620359907,1.58114606375555,2.56775100732989,3.05766011471402
"626",-0.37992208732046,1.23098213012752,2.96145278489597,2.48694456035408,3.01660294007319,3.60799094190508,4.53244914254061
"627",48.7121022388922,45.6382587604257,47.6303909447299,42.6899908821072,39.0008840030349,41.2807967279173,51.4180809421178
"628",1.05897218124932,2.83383304109925,4.13976842120549,3.47549998832122,4.22378200612537,5.47660084360827,5.81673015439301
"629",-3.43850815049811,-1.82172798779205,0.379873723419576,-0.350489793345325,0.258417253091803,1.21719701999291,1.65591572129529
"630",22.8175194903004,26.8770473649971,28.7190292502205,25.3503855505012,27.9906606141743,30.4649226279932,28.9118534486387
"631",-3.2906810312056,-1.81995442117741,0.443631352260461,-0.344448563893122,0.359202032381364,1.30702896898246,1.81405355011695
"632",23.4262860441049,23.8097370299151,26.3262966280566,27.286317707872,24.2635163707472,25.0305506776128,27.0004536051896
"633",73.1231625724697,78.5881756003262,84.0231559902121,88.9433821483137,91.2705983588476,86.7159163571749,93.2263924048719
"634",15.5321553388337,16.6710098432046,20.1751888414429,16.626907232758,17.9981755672955,18.5981776323736,19.2628380215
"635",104.241448702882,102.271258178677,102.504708111905,99.4974058885031,97.9110707684207,94.0593306612258,90.5617729564784
"636",-1.39759677207299,0.648094718799195,2.63789755358,1.76308548838635,3.11741108344812,2.9512755485929,4.7131205957705
"637",-2.60017138331124,-0.890451486255065,1.1637889762928,0.304197016712643,0.531496709491957,1.55255957512236,2.25151957629407
"638",28.7506917153584,32.419577423986,37.1416137830436,32.4322661190328,31.8984670097136,29.5044943891131,27.6817432792156
"639",68.4069226411838,79.8044307863876,86.3850868353537,84.0116881153902,76.7953633712909,76.1191832616617,77.6157738113093
"640",13.6443036237237,13.6886499570151,16.28127366503,14.268674734566,14.8511466442371,15.7436501588996,15.9982916271276
"641",12.0624030275441,13.003816430809,13.7590416097922,13.366605643224,13.4305905762808,16.6113659949447,16.3044716279072
"642",20.6527379197108,20.6319568802349,23.4312942647184,21.9189585483873,24.0363606872524,25.0467936605404,26.7337166229095
"643",112.164574926497,104.728922671111,111.221726242174,110.908553962808,106.232626862806,109.112248144836,118.079808848296
"644",8.94835693028703,9.29748899203409,11.684391798559,11.3921908173129,10.8039607463929,12.2975957002641,15.2642933284652
"645",-2.75946072079263,-1.79238932303473,0.481964319753124,-1.90242188979578,-1.99424653065949,-0.655090055378276,-0.560484205099714
"646",-1.75415818487182,-0.905294763525543,1.37738724267756,-1.4649018601351,-1.80999516006111,0.0409420243035247,0.00410941065841825
"647",-2.62051108817639,-1.8523706095885,0.622231378931041,-2.08863432518971,-2.17739557043367,-0.613589740337079,-0.810445983650174
"648",-2.71531250779764,-2.00863817910851,0.414247280523942,-2.16417634046044,-2.21356018321367,-0.605824165321081,-0.735690182128142
"649",-2.20747809118708,-1.73958330022073,0.731753277795425,-1.6739257521105,-1.68501161002133,-0.0640981077549373,-0.103054494497116
"650",-0.89407245809499,-0.0964008436173252,2.35163350714588,-0.842207307162642,-0.826477810246809,1.2015975238781,0.964973717225604
"651",-1.59974984961129,-1.06442474114274,1.91502078051219,-0.551120158057228,-1.0543250302586,0.951311539262243,0.447525648028787
"652",4.55919809319834,6.18405855737582,6.91475792225089,4.07757520881276,4.05057604316943,4.54243857528809,6.6148541229565
"653",3.4275094990419,3.48581207895191,5.76077146888297,2.36043167388403,2.70491011216705,5.41836507060066,4.63878467329295
"654",-2.67543207235565,-1.89161250271592,0.333488064788336,-2.01569102298994,-2.05908753067873,-0.662793953461385,-0.717795359235451
"655",-0.0668254374279466,1.22807539575753,4.01393480627232,1.04332089664321,0.6970525507091,2.21269042196185,2.30904367180957
"656",-2.2956973198253,-1.42576431201913,1.17591364667742,-1.2211387137932,-1.47142069346441,0.109986611753825,-0.0373919351403972
"657",-2.66873119988415,-1.98072362305852,0.542737991573701,-2.0478383420504,-2.16843292302602,-0.696344276492087,-0.66966310453786
"658",3.3442346577554,3.82896126415318,6.37825985315144,3.48456764497625,3.46196062641147,5.91796262006279,5.17641618500488
"659",-2.10006050916079,-1.53964679241672,0.91734965305586,-1.81006934858136,-1.95749680813257,-0.38641842156961,-0.0454114997405401
"660",9.71549720812646,10.7689002862331,12.8694006956058,11.1184339551135,11.8615163095655,13.2673545573371,13.1328809524793
"661",65.2933628078057,72.2056487900349,75.200230315087,67.2593202609375,60.9973729370257,60.7524162018668,58.2563941732411
"662",-0.586944865021587,-0.315959799585907,2.04830761383193,-0.258844372130344,-0.426158593591987,1.23766834552467,1.44136884535822
"663",-2.32359276881173,-1.67149330991342,0.705183999169093,-1.74303674336508,-2.11967151002051,-0.507475216891298,-0.607079031670944
"664",-5.41038327034252,-2.84505779927892,1.29834745744628,-3.1848418889959,-3.51356442095957,-0.567151932456871,-0.0632188021755818
"665",-2.34644477361369,0.155085846283904,3.58512757467291,-0.90492107440583,-1.0802696497268,1.87475880934756,2.01406124046923
"666",2.45668251535933,4.01159934664049,9.68001554670128,4.77372978177243,2.28973166650708,5.7380698618367,6.12391546198014
"667",2.80906612956572,4.92554073057396,9.34192083599893,3.8231024554492,3.80676047575624,7.23941406645509,7.43386676803965
"668",-4.24808459140689,-2.14590878709689,2.37644348918539,-2.59784914879589,-2.79380531476369,-0.233224778365518,0.898390322511651
"669",-5.36797468579358,-3.44270224848121,1.14331637146221,-3.90471212952737,-3.94591011035916,-1.12146714292472,-0.228558094351467
"670",-3.20102350755562,-1.16395802891684,3.17644427417089,-1.53278400521909,-2.2430396831349,0.0468059470253032,0.740920451854019
"671",-5.52431909767868,-3.69966845020421,0.918623194149094,-3.90651907219697,-4.02478871970713,-1.49102267383681,-0.925521700594158
"672",-5.5404667738334,-3.61045514132403,0.750849586819834,-3.85557468741689,-4.2392700170581,-1.94794205290744,-1.29052558024914
"673",6.60288807297443,9.8406699898055,18.1199527643401,8.13519951500673,8.49461026906501,13.3580220577712,15.3761018148675
"674",-2.69980147792372,3.02114808711376,12.5387035286469,1.15203091447636,2.11868234544434,9.02907976040304,10.0498708135824
"675",-11.5617338763764,-7.49490597836573,0.700409736311054,-8.26832893707317,-7.74011663692063,-2.58462796251744,-1.1813190350988
"676",-10.8380844933561,-6.50084233236801,1.5990553761474,-7.37853899770229,-7.41965488643733,-1.99351373905174,-0.574165261328337
"677",-16.6054776670189,-8.78189123503196,4.61311831583018,-11.5150658407703,-11.2307117645975,-1.60544872171123,0.480565011640673
"678",-17.3621226333247,-10.7278012139191,3.14720811749849,-12.6825777829347,-11.6183191028468,-2.02563762777133,-0.597739042966158
"679",-4.90390969198205,1.93920738282471,9.49946765096653,-1.38798170707194,-3.82995800074431,3.8076190487926,0.124406469903628
"680",-8.94753981692968,-3.22546809301233,4.97560552572073,-7.2855001053232,-9.58069423922814,-1.61875991853733,-5.70002864691099
"681",23.487214555522,30.4888046452375,43.4332359223954,27.3170110630404,23.2463168700244,30.7902178292983,31.6459804892083
"682",139.512105453925,156.029957598181,164.563744344029,144.624662581516,148.099595982468,155.660010766176,162.581969867735
"683",-49.2046666137658,-32.5977673003131,0.397525041864322,-37.2896270483139,-33.5192048223625,-6.88467534351024,-1.65290154067938
"684",-3.91609374378557,-2.19412164461071,1.08938097719308,-2.87497592619557,-2.46086543834609,0.0270200533022235,1.12011640933895
"685",23.2485964540893,22.8049960886902,29.529238342212,23.1709052273667,17.0137848268798,21.2776549634494,23.7349101882772
"686",-3.71578083305471,-2.23382692269779,1.41796123578937,-2.59056425921272,-2.24516469459554,-0.0911856151113186,1.1673479624506
"687",-3.32967302865959,-1.65545694576082,1.92644011766062,-2.06324899815776,-1.65728598840578,0.600177840918271,2.14363330301905
"688",4.95093466850628,5.60816056686842,9.9541135974693,5.69755565171534,5.55444281949571,10.2269967328235,9.25487440179964
"689",-4.70677910278062,-3.13121091207661,0.216937774803728,-3.70296276607845,-3.19644970089975,-0.742790686472996,0.0361810853621747
"690",-3.5449511791672,-1.73336367526326,2.17157518475391,-2.39378620005411,-1.47065955604185,1.32319195520095,2.1870798418451
"691",-3.3949415459895,-1.55197923004268,1.8177814455161,-2.1272991965764,-1.64482575745906,0.85778458483226,1.77520697922897
"692",-2.65241239076976,-1.23104111840359,2.70274889319729,-1.74127448161495,-1.1414578551357,1.42359002151939,2.14377969268154
"693",-3.48945317535388,-0.389264988226581,3.4815436561388,-0.461187251726866,0.368390736772503,4.28817064995913,4.08320873458592
"694",-2.60041544532579,-0.29735748542138,2.30471002819712,-1.53399050884344,-1.07845264710775,1.15887792529763,1.47576850321236
"695",-3.34341941102525,-1.98761932741763,1.66857087252618,-2.6216075498444,-1.95973271303838,0.537281468346777,1.53878086336069
"696",1.12885691859262,1.64417846276258,4.98188173374863,1.68868314400273,2.56812137153252,4.70131237747886,5.3258182355432
"697",-1.70750782753655,-0.00363986421981797,2.79907857972288,-1.36834848750371,-0.691916527522477,2.3336344504231,2.41836493693589
"698",3.58646991242391,4.67512948816856,8.65897047365962,3.80163394843878,4.2595734005397,7.16756947551242,6.55439775942164
"699",-4.48995379345952,-3.1445824663944,0.324443784577737,-4.05232276713756,-3.11609503707982,-0.673508539028534,-0.0123254098351658
"700",-3.95097485894022,-2.43670515805074,1.03010391935601,-3.25013071965975,-2.70802205857733,0.0457204143441446,0.40220164901601
"701",5.62428405255284,8.53680188942039,13.0476366264283,9.34145080462548,8.88623183997444,11.4676354695694,10.8042613837885
"702",-32.7882305994168,-21.6608203613954,0.143830654820954,-24.9095010499137,-22.7495219659803,-4.79531882727281,-1.42712136518348
"703",-31.7435375145574,-20.75495720833,0.973060533439838,-24.0967285053061,-21.6963136794825,-4.03434780017085,-0.270809947575662
"704",-32.6317174729508,-21.4854215232,0.458697725872194,-24.6452524087152,-22.0901579144623,-4.41569582949228,-1.14725207009979
"705",-33.0666993846043,-21.9473553142875,-0.0805741049997968,-25.2275362029361,-22.9457020636428,-5.10338781534861,-1.49306841336221
"706",-48.9931367029136,-32.363957441491,0.535627052032597,-37.0924709018471,-33.2914153604435,-6.65950091616448,-1.56100925323046
"707",-34.8266801822414,-17.9147216146531,17.955388262825,-18.0371926898962,-14.2410201398048,11.8059041308986,14.7045370538608
"708",-0.977124426745423,2.61345939896264,13.1483717738675,3.00719887827068,3.30354723158512,10.0471132658438,11.0710817857422
"709",-11.8017341248508,-7.67466689202377,0.945294694800469,-8.92090784822959,-7.85037187048832,-0.808333312569181,0.622404542597717
"710",-11.0629948132596,-6.72968239647994,1.35804934958395,-8.21471434161957,-7.02517250498231,-0.109105621984492,1.20959427646764
"711",-9.99005267675788,-5.27556366896442,3.49012000899508,-5.02834265880452,-3.88132015317155,3.90463098234699,4.61372294584593
"712",-11.1245647420452,-6.99669737648514,1.139776723511,-8.53331988345313,-7.03847363873512,-0.507126485153177,0.804540184425076
"713",-10.9908492324951,-7.20424408820839,1.33479161672557,-8.14986734962478,-7.30773464214021,-0.281726634237124,1.39545371770573
"714",-11.1220105643669,-7.10025853995045,1.50077696281688,-8.15137677738118,-7.24266127093315,-0.41448489373099,0.713811304846053
"715",-11.1205086462495,-7.45196099139884,1.50732179150241,-8.36714177648268,-7.44104221775261,-0.655095373739733,0.876229432206027
"716",-10.3203869811719,-6.38461787552134,2.36258323662242,-7.7396019032802,-6.55926254695643,-0.241969977882394,1.86278620070602
"717",-7.99132320837487,-4.16529388312303,4.13016040760032,-5.56194727966569,-4.05760780318632,1.96441968733509,3.86995950010887
"718",-2.60885164676757,0.852927972202175,7.92781885122127,-2.46879618695475,-2.18648115123689,5.83095439745505,7.69536557482252
"719",-9.14142391774307,-5.47852082262527,2.96678502862593,-7.09706800670593,-6.30149475225579,0.589917503859733,2.04047551273801
"720",-79.8509078976812,-53.3464937458924,1.09818990714558,-60.8357530109731,-54.6829994091487,-10.1261982669412,-3.96346085384525
"721",-54.4546999238344,-30.3854171133033,26.9668764942338,-35.9780050086567,-31.0949913624851,15.5570948228541,24.4317606333673
"722",549.120270562455,992.639779597489,1315.37682728942,1408.75459592247,1554.67758014457,1835.93350065551,2196.07771723509
"723",-11.2236158046274,-16.0364754296658,-16.56496916616,-22.450114538378,-21.7107394144454,-26.5178075957485,-30.1211030741859
"724",8.76320274813257,3.65909754333032,4.87015341390834,-1.96513261331762,-1.97744045632164,-7.75690638227265,-8.32768520240089
"725",-11.7245550223595,-16.494084820035,-16.8369082476543,-22.7600232611674,-22.1658503716021,-26.8898506514476,-30.4320359313802
"726",-10.7687957592763,-15.5983164326426,-15.7737097795364,-22.0762643926641,-21.3008732514863,-25.9896763403315,-29.4832958748991
"727",-7.32657233798874,-11.6546293593204,-11.7444906373608,-17.7742809256249,-17.0017562910626,-21.8367599176732,-24.9136961360264
"728",-11.7991685423945,-16.5244824745863,-16.9262166372008,-22.7630144244605,-22.2786935839363,-26.9963667306321,-30.5048141722991
"729",-10.3128633867626,-15.7723255829224,-15.5468503354327,-21.4898694930643,-20.4817689441091,-25.0487624312328,-28.9595124360887
"730",-11.6681764181873,-15.9675619068086,-16.5325274570647,-22.2787713570624,-21.892740673567,-26.6714775750787,-30.0207618695302
"731",-9.89104823003887,-15.0268986302861,-14.8971982121934,-21.0260536849877,-20.5344400191975,-25.1218465474385,-28.6412831186476
"732",-11.3913898819669,-16.201740479472,-16.5762399237795,-22.5569513599792,-21.8761482899307,-26.6689503676885,-30.0303926089644
"733",-10.9863617769844,-15.6900767145664,-16.0756025413116,-22.3015790143252,-20.9880211117689,-26.4354946499147,-29.2971360303083
"734",-7.95547954058759,-13.0416930999762,-12.652851594387,-17.6835340449393,-17.2152520213038,-22.441454283005,-25.9605472930432
"735",-11.8100930908525,-16.3918818323689,-16.9631230188849,-22.6971307289453,-22.130063871165,-26.9616587900889,-30.5371774088226
"736",-6.54109278937599,-11.9269677467869,-12.5222196687739,-19.0710483957352,-18.0708914769944,-22.6097205773603,-25.4975226747666
"737",-11.1087389952159,-16.0575992536262,-16.564308505619,-22.3139614635031,-21.490590371447,-26.4277771611977,-30.1562950841624
"738",-11.6074650505919,-16.1816708520119,-16.8037240025546,-22.5045084831068,-21.8649723312483,-26.5436914467472,-30.1869348223743
"739",-7.76313058230876,-12.9305270984483,-12.772453319706,-18.9169033941188,-18.4011422177979,-22.2140763901925,-25.5209110613001
"740",-71.7359190298753,-100.225446005246,-103.791701144349,-139.338680494006,-134.872802378569,-163.888863160406,-183.609623497666
"741",-71.5885871069408,-99.8838659126391,-103.651165611233,-139.23912300517,-134.677038731334,-163.798897310616,-183.543808704881
"742",-71.3850713921567,-99.8127362887712,-103.339777479877,-138.989070236262,-134.642346817483,-163.432270708759,-183.360606906139
"743",-72.2019589961785,-100.521368707522,-104.258965727812,-139.796677911238,-135.232038525361,-164.325960492081,-184.007216415538
"744",-107.586836831512,-150.153290092039,-155.573921242613,-208.911356967639,-202.415488394532,-245.804158619017,-275.398883321472
"745",-94.7794329398298,-139.057675331488,-144.536027381672,-197.131264520257,-190.604528638778,-234.171617141964,-263.186363765818
"746",-5.09846249947411,-4.07083422633473,4.95774561828865,-5.0468243840998,0.274944421903096,-2.20758642730901,-0.525330693370816
"747",-9.15332427808587,-7.02838951523375,0.404801440299628,-9.84915296514686,-3.58899783805814,-6.22129370186533,-4.58211042999978
"748",-9.68651536470309,-7.28876144035676,0.977125714520201,-9.12458746097372,-3.70413660902395,-6.37107707657816,-4.86475351159473
"749",-7.99535787251888,-6.55890748998835,-0.374738159085487,-8.47205750993617,-3.60115435423031,-5.86371120077573,-4.12864588347478
"750",-8.5260869568238,-6.78317309434207,-0.482196332417699,-8.60219507175846,-3.87424856034214,-6.26423904962344,-4.3937873398461
"751",-7.19165122588968,-5.65422425704919,0.82538986043081,-7.76823680383852,-2.93029465906115,-5.14373388084016,-3.28986267822273
"752",-8.6855414935112,-7.18639535070109,-0.781808628292085,-8.84670983613807,-4.05025551925965,-6.38051088920771,-4.57724340415724
"753",-8.78137523082863,-7.2354283346484,-0.684975542944689,-9.4190013867678,-4.69397378930609,-6.81364988016586,-5.08494705768626
"754",-6.99990846620497,-5.36098617696881,0.166130919360261,-7.29415950563481,-2.94072364009244,-4.9031854619363,-2.89747701171072
"755",-7.67697586373883,-6.26379937172803,-0.0086545739586058,-8.6149388276766,-4.14903620959762,-6.07729009132487,-4.06499824847635
"756",-3.8421895678157,-2.24760765073441,3.79482760094728,-3.95808658231255,0.692420382518613,-1.35332450605961,0.964648148194298
"757",-0.933130497808203,-0.125277319603214,0.253161382543334,-0.519821157322188,0.0945274208433043,-0.162223759110511,0.458706001435934
"758",7.52885199738471,8.28148695553886,8.86055906459888,8.28726340983002,9.38737458415619,8.34072405505485,9.60830401073645
"759",89.8432011695608,88.2098927150392,88.9076247971463,83.6867308756986,86.7072302717542,90.2289753572537,93.3272542799103
"760",7.01872110957458,8.2186112025614,9.63536794273685,7.76341010211425,8.45143765062044,7.57095247333117,8.66403673197991
"761",1.61007738436166,2.02312227025549,3.07582337677376,1.98929572900887,3.0044180708215,1.63819199346573,3.47492311223163
"762",-0.834076988398468,-0.406006368009625,0.465103108903194,-1.00493977732317,-0.342279190742794,-0.671065921694695,0.184986519530745
"763",5.83550549227019,5.50113626591295,7.14347417525172,7.42668772900615,7.06921166118384,6.81001096876676,8.76381013983169
"764",19.9965615361272,20.1055054314702,21.5862823286302,23.733678354684,21.1638743297181,21.6275845183647,22.4907064280814
"765",4.00108862462664,5.03264184935114,5.85366637743834,4.91722155635993,6.10072201288319,6.2296338654655,6.18590734454158
"766",-1.38795250167127,-1.05396438546136,-0.327643472107707,-1.4235844217623,-0.814322027146133,-1.10928264542478,0.0534760156972105
"767",8.37577200798842,9.38331266695416,9.84270532490703,8.03192473809782,10.6804224862015,9.39929014554843,11.0392646629918
"768",1.04446602663439,1.82307645072038,2.28388960653959,0.924784196329373,1.60155862633042,1.40126949589123,2.6795151067017
"769",1.46371866191494,1.6435300956956,2.51401980338526,1.91595841863737,2.0309533495904,2.20295864512793,2.98161886585
"770",6.51113081509278,7.81603094076054,8.06396157770047,6.8428340059177,8.15157383469434,7.90579038621988,9.76061723672528
"771",1.9075434300848,2.51091619847163,2.95003111788117,2.25516177644036,2.4759873767965,2.25070673407181,3.2559685554411
"772",-1.61233606095801,-1.11616680591424,-0.4025518443425,-1.48646535142476,-0.771803348179793,-1.16477331433886,-0.0577039880790776
"773",8.90699339623712,10.939259015598,10.4792562267099,9.90304709675977,8.59546154712709,10.2609663600844,10.2119388404763
"774",-0.566055290650193,-0.0400703319225644,0.560743644024802,-1.00961683975856,-0.217832863481526,-0.653108299165403,0.78159390134238
"775",6.03616238418666,6.25005098554269,7.78703363216866,5.6893873341192,6.44973152920992,6.23894411347508,8.3524398635217
"776",13.63283205704,11.5674795733917,15.8537135856346,13.9739346619698,15.8920714252622,15.874797879756,13.5020589648834
"777",6.69178438913442,8.46982809228971,9.30649907812754,8.14967490454221,8.92438954106731,7.94654852120133,9.42752645661066
"778",-1.3627262642283,-0.830943084853474,-0.339664117586648,-1.19702093617063,-0.744443953474916,-0.939221144399158,-0.0790797649483432
"779",9.06056834072444,9.6412758469442,12.1167493611963,10.9572901855016,10.162193001047,11.1586056356692,11.6590432955063
"780",0.583634144975138,1.12056776170661,1.72553785031103,0.550125133774921,1.31358402917916,1.39186173603982,2.08106682904108
"781",1.34004569895149,2.02082296643195,2.69823868612821,1.91161967653672,2.81767433992273,2.21651846258535,3.28505872061359
"782",12.7088637422248,13.5375904669356,14.1526132365159,13.0673899769248,13.4628931876679,12.4367266291645,14.1081704916974
"783",29.8609128092185,27.7715649259741,25.5211578174181,22.6198229932691,25.7530657670116,29.1336670536858,30.4442834702395
"784",-0.922124140965664,-0.477012075537528,0.0637234582816317,-1.06884365146522,-0.431740642522712,-0.750883818845234,0.462335568302702
"785",10.2953410232986,10.1967835072239,11.033018663948,10.3423066272425,10.402020157511,9.47220426888231,11.626410468149
"786",4.09558153758688,4.38422723817112,4.80084998711169,3.87979270115186,4.50086563692705,4.34362083515846,5.85002515835216
"787",7.81627226680163,9.86107584235852,9.94061429801639,8.49250842432261,8.86912697625666,9.58911806394242,9.54571531545439
"788",19.0461850221017,19.1540894125939,19.3577762369795,18.1693911655071,19.8651358465794,20.218034801671,18.7694501684121
"789",6.44962549776302,7.73653169641294,7.02361066405631,6.4151501760255,6.79324883048722,7.39431291619604,7.47571371079398
"790",-1.04831580883919,-0.86970568196561,0.370915500874506,-1.11790009432324,-0.0139908854330548,-0.402800652490942,-0.0272475457895281
"791",1.26591242356319,1.83607112460159,3.06628176000594,1.70921329124436,2.82930766456502,2.01809396584697,2.12577307008292
"792",-0.275129068956213,-0.119291313696916,1.09340711948197,-0.560911977722233,0.277905335093464,-0.0373775727150471,0.146307586401023
"793",-1.29631792619353,-0.957529495353159,0.237179838713358,-1.44929888504385,-0.462595534411617,-1.05159572644335,-0.49774676899922
"794",-1.19873981349105,-0.951767867776837,0.356752422951815,-0.958858213844343,-0.0509659126527073,-0.691328082694608,-0.661315648536234
"795",-1.32826732373902,-1.05867094493877,0.0987581873566674,-1.68895783334575,-0.518272348831627,-1.1468031757096,-0.511743426194118
"796",-1.15829543853008,-0.827614312501644,0.181108264507412,-1.35766514252966,-0.208202070592607,-0.743069145372462,-0.410783348337358
"797",-0.769409408441233,-0.610356459379932,0.600800955262794,-1.00294419693529,-0.153122138164862,-0.793720819472116,-0.442870142551473
"798",0.44101895015352,1.68052732154901,2.35133048439195,0.699495112746015,1.13187300200258,1.31395235024751,1.87065899278535
"799",0.124346385036736,0.253717174678526,1.68062301861574,0.0053387028249767,1.37911735844625,0.781527660273281,0.942397472668874
"800",3.47014559518158,3.58009444963123,4.46693560117412,3.41718200522214,4.03049599258106,3.98249402102564,4.74323976039751
"801",4.33440769696274,3.97121440444935,5.02353807695505,4.07713512027165,4.99368416163629,4.15530505001321,4.15295064213338
"802",-0.374534952835776,-0.464385159193433,1.14777120554011,-0.790275775928229,0.303844323718392,0.245299244173204,0.413091063180155
"803",1.77677334491876,2.06945835776933,3.48238107132684,1.92326787719278,3.03439079780658,2.38254322993081,3.04942071368625
"804",-0.304854142916676,-0.51805389665881,1.07258101898347,-0.721779191093096,0.205256691482153,-0.142223810960621,0.17022085152155
"805",-1.40541239408898,-1.26832456137939,0.189977433233573,-1.42525824271376,-0.451112637047423,-0.817491745790852,-0.268337309768234
"806",-0.694354402547284,-0.849535471935085,0.595436420742555,-1.01813300733494,-0.156279214561664,-0.922475968847341,-0.228346764661466
"807",0.631817708891121,0.517418018339547,2.439434493301,0.438786541520847,1.21638642708058,0.94314708597138,1.30728041956315
"808",-0.451575745238973,-0.613994964199273,0.663813675582523,-0.87077196882508,0.451709856625033,-0.342485166280502,0.325826882064262
"809",0.504168878257775,0.354045978334227,1.6947614793944,-0.48505183570407,1.16935788528901,-0.127415038509478,0.558066246970879
"810",5.94555319564753,7.35498248832637,7.49936291218035,7.22699979627224,8.08715616797006,7.20200696054492,8.40994966036618
"811",6.81732357433551,6.67989646380958,8.51726051484714,6.59793618667302,7.96885668036482,8.29346146308065,8.38206135894045
"812",-1.5711717209479,-0.928582200628992,0.205204391590175,-1.40621104392057,-0.41673697137063,-0.816685356465215,-0.370589199006845
"813",-1.15297262618383,-0.946902818192546,0.276735689972513,-1.33558716656324,-0.563108810095865,-0.913458203293475,-0.437308251445942
"814",-1.36768247896996,-0.869486427341924,1.43825054723004,-1.90332515448751,-0.498036681553938,-1.49598353354699,-0.654045921005944
"815",-0.537380595873961,-0.00794586923264489,2.42445457761013,-0.539686393500668,0.790482166820678,0.0572066405338365,0.253669044320429
"816",1.96988449369645,3.22464528164989,4.71212542699751,1.98320083500552,4.27914798456818,3.20657587890665,4.30219223052047
"817",7.00720415463995,6.9895111576169,11.1751447987847,8.75164251287854,9.30646503247025,8.21830368960314,10.1736927234084
"818",-1.88417913690745,-1.39446101155187,0.729591375557865,-1.99182309081378,-0.721654532886478,-1.70855294871077,-0.97362522386415
"819",-1.78168859013003,-1.077938410938,0.88100678566586,-1.95629186546124,-0.334807391937635,-1.55625819116027,-1.06795779708878
"820",3.62678775742255,4.6828581310907,6.8610974582813,4.23149089367974,5.31052625047219,3.42930746585435,4.75241710359471
"821",-1.50178506207301,-0.100072121819225,2.01850045264496,-0.66915769803738,0.954478860775938,0.110776908530946,0.804328459880211
"822",-1.24492599657971,-0.231680129829666,1.77520466526632,-1.19552691066227,0.53420388930024,-0.636496296726019,-0.572169761014214
"823",-0.841445108588994,-0.358638022649227,2.16127885121393,-1.14639992737826,0.618376615575283,-0.349106302455123,0.348132749851733
"824",0.488274672730462,0.617610360341569,3.24537742815879,0.676978158138905,1.8304337286473,1.3890085307957,2.2416343886358
"825",-1.62245073120288,-1.0691238402339,1.12822902770806,-1.69996912674037,-0.366316972966218,-1.40123897029782,-0.14319167662692
"826",-2.42768808288891,-1.6328876066052,0.636864549801359,-2.53258281723096,-1.07277288792998,-2.10216862570846,-1.57466199503918
"827",-1.16688193916117,0.164421226225514,1.70364368690143,-0.545339298540396,0.0715352325417654,-0.050036659488163,0.119125624897159
"828",-4.4416924515877,-1.6255383528601,4.29503358127271,-4.1733553774679,0.177240514506259,-1.51895457690864,0.683388043730101
"829",-4.24905786887013,-3.4293661152764,3.82290185234289,-4.6902835732171,0.0142923831512022,-2.31654721662345,-0.257623384894044
"830",-6.62459502645329,-5.66253924771812,1.09031904428069,-7.11443904746646,-2.44181165753865,-4.45922857741761,-2.88943023587787
"831",-8.14984545940988,-6.25410056333033,0.417315015011554,-7.98784426361423,-2.59311899998915,-5.43851524609699,-3.6551836222736
"832",-10.3392849019791,-8.24970261739197,2.97645013873134,-10.8340517479062,-3.14790876601499,-6.6515097038051,-4.35215047633731
"833",-11.7739195875582,-9.33441440753639,1.40801852283949,-12.4694332081607,-4.34257920484672,-8.15279358791949,-5.24602106852061
"834",-4.66491332367223,-2.45499244031296,3.19837153753914,-5.32171555750422,0.405113316155704,-2.51614805561622,0.862550141539455
"835",-8.09443989250592,-4.52117863127688,-0.117659323778043,-8.34225734606758,-2.64685287560489,-5.88223811633285,-3.06357586316495
"836",-3.25669589282293,0.867409560814968,5.19239152346978,-3.36858102000435,2.69993267192737,-0.332818949471018,1.71968305399104
"837",80.5827172722708,75.5552886454467,85.8087984400928,74.3188040612594,81.4891010287908,77.7134762155494,76.935669304825
"838",-30.7237949923814,-24.4632128540553,-1.89007078485706,-31.7976746424652,-15.5790749106849,-21.8949635770901,-13.4202314409278
"839",-19.0825917804122,-14.6122843628217,0.252363583624914,-19.6764926287792,-8.69571285757351,-12.8497531077979,-7.43652814880345
"840",-20.3546688329294,-15.9898944192061,-1.07987912749185,-21.2669782598923,-10.2205112346075,-14.6479061194617,-8.69964271904462
"841",-2.43178744142452,-1.81829251924904,0.356353439565538,-2.73720985082239,-0.735240700476878,-1.63155612803231,-0.209483429312745
"842",35.5884025576801,35.4901119250339,38.9508760335456,36.1530853552053,38.514177079873,34.7553009032496,37.262365653091
"843",-1.62324721800084,-0.836369179030274,1.2813457608872,-1.50674581124325,0.0576755957734917,-0.198488807933334,0.404011680471223
"844",-2.65898860681578,-1.45062496498873,0.462718641805796,-2.49361300066827,-1.20012534094316,-0.978935218130402,-0.341465399891935
"845",0.0737364763405212,0.971725321806865,3.72489122090107,0.472375753866038,2.06508516766224,1.85659017465436,2.36728222475638
"846",1.65656261392843,3.35282955273019,6.44830540360867,2.81623041966883,3.68770431977844,3.8866609564097,4.68117315879458
"847",-3.14000187618452,-2.09116055910738,0.216535453902809,-3.11582833243959,-1.8041619117141,-2.09787750986164,-1.03510479870211
"848",-0.521574689276842,0.705420112874136,3.14648965459072,0.172096612609178,1.84559106248866,0.538618229049229,2.21606380965206
"849",-2.30718917836679,-0.904605530073847,1.93103460076803,-1.52219736175896,-0.302898172874093,-0.865763163853589,0.5233772533686
"850",0.219091223623498,0.938226557302138,3.48766473420778,-0.336756107371107,0.275160068736406,0.672988794747944,2.00756628567544
"851",-2.77229900405266,-1.51712956319296,0.84973183818694,-2.6566492880818,-1.24024528753126,-1.39028070059376,-0.586684333112479
"852",-0.581956576047506,0.699771502354374,3.24846032976263,-0.484592313344795,0.577743050319464,1.39849534126505,1.29293425378226
"853",0.534826086934797,1.75335130746717,3.5056367267296,1.15971100615485,2.26657461573472,1.48760332915837,2.30024082718126
"854",-3.27129469470675,-2.16024600669826,0.227045154936425,-3.08125748795989,-1.71447715559911,-2.1467321872116,-1.10991849094169
"855",-1.56600494347985,-0.774732254060925,1.63942865163349,-1.79884028006988,-0.419296626309604,-1.01999602318571,0.219773246881316
"856",1.16600351293823,2.17144069785997,5.38238457395065,1.56998408189607,4.0608746957204,3.43140115657123,4.06553871753791
"857",-3.26816563244626,-2.41761090826932,0.100931677799653,-3.04644328207401,-1.85607593445509,-2.09108737991295,-1.30461655936764
"858",-3.40310963665361,-2.59210143956207,0.199275469962504,-3.38256790818469,-1.64182946501546,-1.90797684205828,-1.0225420456014
"859",4.81790428073454,5.06103382178697,7.40912369395115,3.61093247235857,5.18749117318663,5.23940505850189,6.27727634978374
"860",-15.0326760906862,-11.7771897231984,-0.506250196663696,-15.5109640474618,-7.41056109681143,-10.4587875785055,-6.26589153751252
"861",-15.0971681090825,-11.9734739590255,-0.4412029935302,-15.4987725148262,-7.59693954742703,-10.3696419493347,-6.34067593702161
"862",-14.3940077917553,-10.8211040410821,0.471421188357178,-14.502721529536,-6.41585708849253,-9.97687225336048,-5.26793341360967
"863",-14.8837247279896,-12.3833781546965,-0.551597697377486,-15.1957400594416,-7.64377543617935,-10.94175479725,-6.60490205382188
"864",-13.2392596993365,-9.5762526166691,1.54588712907944,-13.8932902972246,-4.66451615443564,-8.46681215839256,-4.01945243335459
"865",-15.2763432211196,-12.2003558352697,-0.620121805595228,-15.8712790025705,-7.70526580146758,-11.1036942766538,-6.39605851807346
"866",-30.696450736571,-24.4601701867428,-1.77685760418762,-31.7969905831631,-15.601854789772,-22.0429939484306,-13.5655001863526
"867",-30.8702681539104,-24.568341834897,-2.03293075193621,-31.9612501945116,-15.693249922661,-21.9752511040203,-13.4513227133957
"868",-18.1476831991926,-12.555745138928,10.0691525150334,-19.8243743720681,-3.79978413432573,-10.075007610067,-1.08640429587462
"869",-16.9669724448015,-13.1820651187934,-0.339572434490989,-17.2412765964375,-7.90797015439509,-11.7814564026973,-6.91530425209787
"870",-17.3061052906222,-13.5725180405861,-0.719383513220376,-18.1820145893938,-8.71932753378648,-12.4115655046667,-7.38662798109576
"871",-17.6667041824691,-13.9688763814442,-1.09840963548543,-18.1060162680877,-8.86725057106494,-12.5062200348211,-7.77427777041539
"872",-35.6158319207355,-27.6430273298479,-2.077097385149,-36.2310971637085,-17.6024976186639,-25.1003164639762,-15.0757989538041
"873",7.69719312483336,8.95291084952803,11.0279456146117,6.90228885708592,9.06805722441768,9.12401456460669,10.0299146145642
"874",-2.88071282202465,-2.18125478932111,0.817492944843976,-2.69008164675958,-0.711638399370472,-1.59914968943385,-0.455969866705948
"875",-2.99677489621686,-2.21388153672966,0.282615913508465,-3.19503917295316,-1.01199121045238,-2.0243613865124,-0.768271263289872
"876",-2.33600213023827,-1.91189127056921,0.899694898602771,-2.77627485476223,-0.540769053032768,-1.7321335569232,-0.730194927020771
"877",0.0957310029402523,0.359367800563515,2.60160289272997,0.0775415370984364,2.23471849095103,0.699005556444855,2.29929518809027
"878",-2.10339965223844,-1.75820701122387,1.03695474049118,-2.13818519697842,-0.253212284610832,-0.92393975312208,0.109205723019409
"879",-2.85428346993389,-2.15818374159325,0.375098416987109,-3.17979689825177,-0.999983977863263,-1.72443317231517,-0.772214472106069
"880",-2.86089326823531,-2.23987894139045,0.429152080375208,-3.29660027696722,-1.00055528923717,-1.79727761888318,-0.7047737247556
"881",-2.15116860327285,-1.14811747128855,1.38066838108765,-2.17959981605983,0.121216344672436,-0.89071564788478,0.197637319176583
"882",-2.84850008943679,-2.35011150107704,0.257036488461111,-2.88681816301188,-0.59206814578277,-1.51208310035637,-0.582875369306411
"883",-1.03085614943561,-0.685759591151603,1.71466575141608,-1.72532241829096,0.249826837999282,-1.18070392563798,0.0174816858889858
"884",5.93259332779695,6.46165795329211,9.3719750442495,5.76096672432691,8.77211301373157,6.9423052782681,8.24106860185222
"885",-2.40354897388977,-1.61053817281378,1.10087154280261,-2.68755214806526,-0.323660087252983,-1.16697709624679,-0.419958770164228
"886",-0.991035239625934,-0.406312035313726,1.97529325988835,-1.65752869105096,1.06840841943512,-0.353390502157976,1.15187549743872
"887",0.724282245970233,1.26953310884065,4.30921850496692,0.560806696855527,3.2399141068617,2.08771009300793,3.4696676724192
"888",-2.62035300130083,-1.830449807597,0.866042474763828,-2.7770290909305,-0.571536850444788,-1.5383822207573,-0.864721536371421
"889",-1.01354576991863,-0.630697060081063,3.0340322050802,-0.978534514059344,0.806755709593087,0.37658877269331,1.1935563084652
"890",-13.7476894689941,-10.8713397844362,-0.354544282204089,-14.099563349725,-6.61137264884733,-9.61720235377412,-5.46493558761092
"891",-13.8825066218228,-10.9077417115375,-0.488252609826799,-14.3728919218386,-6.6433218109311,-9.72744334925487,-5.74925790862174
"892",-14.039839115982,-10.968683407042,-0.489903627992726,-14.2394894543478,-6.6870006601456,-9.7834476939436,-5.63469450237802
"893",-13.4496421051546,-10.5395424229852,-0.17836767451476,-13.9754049672254,-6.40140074400819,-9.68813343069226,-5.69479625093912
"894",-17.5396162585648,-13.8492989780244,-0.633961286657682,-17.9235287028109,-8.69240574431338,-12.1719030890137,-7.41787791466786
"895",-16.3085652295155,-12.5943120945984,0.0788825499663156,-16.9643641416566,-7.47567184030085,-11.6048123975451,-6.36688342771608
"896",-17.997822600273,-14.02265093741,-0.906290245607691,-18.2940038172715,-8.87669344246316,-12.5910399123207,-7.60062073494323
"897",-24.604492630062,-17.4872955934311,9.63740695985215,-24.6289526554487,-7.14919395504304,-13.527208447846,-3.50413909212657
"898",-3.43600209269019,-7.62775659320064,3.47871909746162,12.2838950939309,-13.2795294728891,-9.58549042563828,-5.58124982876914
"899",-4.61905919260084,-8.53642779380186,2.32267944191532,11.3719038848003,-14.2247536391401,-10.174512466343,-6.46876710253173
"900",-6.63165284165702,-12.7323995186667,3.87523988301416,17.4844394466651,-21.1128505468646,-14.9688156240011,-9.33204921326526
"901",2.59980457005586,-3.49497916887407,12.9465206301261,26.6682397858195,-13.0304005449702,-6.26922529918894,-0.655952774445157
"902",79.5682954110228,98.5722144909091,97.5668787453096,91.1270878958393,83.5693104220678,84.632582879346,80.4205794023705
"903",1001.09182446821,1030.30309523256,1008.31089730451,920.765851328168,897.541150331393,946.25041125307,920.806024048067
"904",22.2609662318992,24.4278167540751,26.3484091242737,28.1187718544929,20.8184463918462,27.7598755110995,25.0399069462342
"905",66.9751023571155,76.2562125991022,78.950492332029,78.2145054986789,68.8308842138687,74.282515740974,70.597367732749
"906",1090.730374272,1149.83788527074,1283.34886117078,1278.33146412021,1109.12788128751,1075.7807457248,1111.5443663323
"907",14.4213818872285,19.0234149806687,20.3686975976679,21.8238490319177,16.4982378483722,19.5953247359326,18.3020491337139
"908",322.643765381475,266.229242688905,257.103515097594,307.527875249095,341.689313168392,349.448256707211,338.404839961194
"909",67.1279725384116,77.8782371382335,80.0650782116057,88.0574162684492,76.0031635749088,76.2551033295829,74.4775328360065
"910",407.035427981693,535.215082535155,597.086776208586,480.443250007596,505.614331481549,504.876052120002,491.841638059531
"911",12.8640116984301,14.6981920087417,19.0836462488619,20.9584429925032,14.2264301747773,17.3038980742717,17.6518768971015
"912",180.500790530192,189.246012100263,177.287948083252,193.30402881585,197.812558409925,178.232238032749,174.035607785755
"913",97.60075848667,103.457613357523,110.154128503107,104.372304267444,105.606244322946,118.611235835418,117.029305905807
"914",930.157742433936,967.484735854606,960.697616051442,945.379010504733,874.430615660339,844.408004023393,864.572930783234
"915",1.65613299091339,4.63874281417034,7.47878737492638,10.5976268727653,3.28586530528949,7.82960973124786,5.02043125217494
"916",5.44046729184849,7.93072212607796,10.0491842740771,13.5124638744747,6.0398223374154,9.91502807375058,8.44782635649555
"917",200.145245486493,231.51151503019,234.03356881104,249.949521369815,226.94448590041,217.79640124101,222.034814328977
"918",354.570980959734,361.553736099144,384.993697594823,392.565747565701,329.40577435216,326.472548701546,354.956536740684
"919",79.9191788961258,86.8136771996145,90.9803690419502,93.8137334049054,83.7880604233056,89.5596458688767,84.6234373748119
"920",69.4996995285255,65.6305793627125,67.5321039688132,69.2424405303031,63.6193401805085,74.7600166600399,64.4401831354577
"921",559.924343997263,554.164301285101,559.258468103061,568.741071052462,517.764172790088,540.309554317212,518.106927366116
"922",2.36103719015111,5.01548088618739,7.91694135768638,10.8540762151491,4.08392095469656,7.77569578093717,5.71144458896607
"923",10.1179583929002,12.030260312881,17.9784590334975,26.0114888927816,6.01731608912773,9.70476785444936,6.84360178299016
"924",0.0695279493261901,-0.231996787009641,6.53763261671412,14.6176724208952,-3.82257582220481,0.368068367883181,-0.922084252955146
"925",148.259306278107,149.337120283051,158.810454043953,148.192433335608,126.833077655365,124.693634660555,143.051810820845
"926",7.66488270710931,6.32867042527148,10.8283209971224,13.3242992531658,2.7204964745256,3.75943475013146,5.71566354474831
"927",7.98275094219447,6.1068610403629,12.1247849658778,14.3614143526423,4.84338504199178,6.93216615209318,7.78450643505204
"928",39.9349050987286,40.802080077347,51.1686597034337,53.5948804979146,40.3262246232726,38.450667430732,34.0027929462349
"929",14.3394938000207,12.9100074016342,20.3938546364358,22.2013734961414,10.7624238134941,10.8270893611463,11.1934848961804
"930",5.03509764983857,3.98502867082417,8.00357582255133,11.0040969062718,0.344346346980912,0.88838534970336,2.8817568979218
"931",3.17790560923857,1.57955496063844,5.59637214711406,8.09092370642797,-2.31551498036902,-0.616211123226248,0.764686698718945
"932",13.2369656077887,10.8006745783368,21.9359860821417,31.7643395731846,3.46303158758514,9.29172535544361,13.2721730298155
"933",6.98562760554303,4.55023779824537,13.0867648554381,24.2838202813522,-1.50725096416686,3.76766129432029,4.99506579394874
"934",104.04811399173,92.5206606132089,105.872348133467,118.198153211404,85.2783329184526,85.8204496505948,99.117008365371
"935",1158.99806897886,1316.28836843846,1289.22434550952,1194.10425825348,1094.89880868806,1039.42156583159,999.659519352275
"936",43.2809591339564,9.39269066330551,-14.6271625202381,-11.2511234543933,-1.75130367272365,5.47491089733542,29.3065176339475
"937",-5.04569720515874,-35.185710899847,-65.0633016245036,-58.5886650320832,-47.6561555836999,-35.2384184153518,-17.6939162853719
"938",49.5168142387086,19.2824993202693,-4.10594898648829,0.940008139683005,13.9908838295243,18.3592302050234,28.8230543488587
"939",-8.67067098036672,-34.953381723265,-58.9287275802661,-53.7539063163509,-45.9817371108033,-34.6915451168678,-22.5449800921519
"940",-13.5300502699997,-39.1032988470916,-62.346404503984,-57.6526861834717,-49.4525189120029,-38.4841127256602,-25.973512929029
"941",-2.4260463672316,-28.5792414622135,-52.2928084877885,-46.4304171288304,-38.2219323867614,-27.3648873464237,-14.4864507167859
"942",-12.714628692158,-38.2527272180794,-61.9053053406075,-56.8484848224834,-48.9737735741825,-37.8073344126743,-25.3890260903793
"943",-10.7611640887531,-38.6602542833765,-63.6081236389676,-57.6024425709171,-49.8492828362875,-41.3469813004731,-26.2187398641259
"944",91.3525873235864,71.8009616904124,45.2438899499045,61.4548188969927,68.9891661659415,80.7132475250671,96.5529485981003
"945",56.4438272532386,29.6169483241601,10.28119006023,17.90801256201,27.1509093304631,26.4248411534596,42.8300634667268
"946",200.589357953245,165.004010396246,145.101899288055,150.138160876742,147.577217007998,171.801183926204,192.956474904023
"947",46.1658252449897,46.8105126170569,42.4962423792347,21.9407606693359,30.9550363213643,44.0077332976665,18.2948069087972
"948",372.323555346283,366.022815777447,378.738178107939,331.453768785727,334.789394535432,352.799374531743,345.650092552057
"949",16382.6537860577,17656.7022896529,18656.4112738095,18906.2933073584,17747.8671838406,18161.436398456,17414.9193796599
"950",1095.2338641809,1038.09267051054,1129.01454529208,1093.21689134094,1064.87682739343,1099.82909864948,1083.4029001659
"951",168.802086227072,163.442813943422,178.722354740606,128.910662703527,120.673320923987,143.774380632182,128.066443867351
"952",-9.82525790442632,-9.78589527749074,-6.44652953676577,-40.2966680002379,-30.8847006214533,-17.6816092054945,-42.5161338380626
"953",382.054146162934,393.82387168203,388.847553104189,356.836337141321,383.64001098679,388.448452897126,380.933570331516
"954",5637.94040714611,5763.8726998039,5993.98451599158,6084.28598313415,5713.3813439914,5684.04235548178,5750.84076637321
"955",374.374763837532,401.836170264843,429.626331179148,375.994570782679,363.108242186761,363.249569839275,337.676520769762
"956",-14.6601167984005,-15.5038570652982,-10.6889025260373,-45.3562797971855,-36.4212573418076,-22.3644276178936,-46.3163323926743
"957",1420.91782414432,1218.87489707549,1163.10683045088,1274.92611985913,1350.72680298189,1299.23132033171,1274.35236305906
"958",67.6274493866815,76.6567421665052,84.1823996018871,46.2348738245752,50.2159158340901,65.4784516775427,44.9574427081199
"959",95.5269244863182,98.2396813164127,116.597659918857,79.3354979110916,79.4632455480144,84.1963700755679,60.4410929176623
"960",1109.21201359886,1053.28395469408,1243.32081971014,1226.81943040746,1065.8300744677,1021.40368361441,997.893744896441
"961",151.958626141425,128.515842505268,145.340701905874,120.620104839476,139.826702268963,163.267331068929,134.531882707427
"962",-16.0857035017293,-15.8026289263704,-11.0266186315956,-45.5458263852481,-36.2194150366958,-22.0858631677279,-47.9693332272283
"963",1089.68027531392,1189.88759238574,1244.03004822198,1178.39340501303,1158.03429809677,1141.83324904032,1103.0082468458
"964",-6.97715723979086,-8.3754443397508,-4.95784392639445,-39.5104798721477,-28.8022974360292,-12.7983770863321,-37.641995003515
"965",677.935768478149,628.552387307782,676.435077519031,661.228121810077,609.007869874284,611.9886445483,636.972663349874
"966",2144.06418644637,2153.28285605725,2018.46010193255,2203.8831511064,2446.50609985421,2194.057492204,2222.77484840792
"967",602.95096623329,602.874958109784,616.75093445389,552.403231674631,564.877315676317,591.572934100344,562.473029562071
"968",-18.3580399804496,-17.8497175451851,-12.9358712707985,-48.3043822699618,-38.4416726464855,-24.9246068500176,-50.0431619200607
"969",4399.3412860562,4636.2037544952,4480.02553162051,4158.14486985687,4126.02050415156,4182.27624220447,4526.19037575214
"970",69.5008853619922,78.8918343307663,87.1779440366981,56.2046537940645,64.2620889310017,73.6562013125519,41.1732096160743
"971",98.7858585039865,90.8508721090201,98.0761831698434,65.4525099315844,74.0131646730552,92.2185334632731,65.0932306706125
"972",1241.81674992442,1317.58717734779,1406.69227966845,1342.81589036575,1254.61303344947,1265.19811720553,1244.12262672976
"973",3066.69602238829,3176.02211387413,3218.14223084332,2868.37655931409,2582.22411743682,2742.52697463041,2833.32733864681
"974",63.7883838338829,61.8481941918429,68.7650106848055,34.2918043654946,39.1007196050071,53.4037980509895,29.3478235664331
"975",743.374733323716,749.508014750982,731.861408087297,715.898348862731,729.871883548003,773.13415236266,744.420112082198
"976",403.369179123568,381.877643656314,362.881336064861,313.768343978961,316.427730715029,331.865719744523,322.677100606641
"977",701.482704515754,655.193744732076,660.073871466849,627.765780504008,615.867733158019,646.943051289089,627.666266868
"978",6274.0356219945,6057.21059043349,6266.54457459008,6420.73129563894,6359.66601196486,6384.34411329903,6501.06146950295
"979",251.70920597857,241.050678323822,231.418872685477,197.31764512594,187.773647462602,202.000943132716,183.009757466516
"980",24.9681973183551,23.3865629876158,26.4662698458049,25.3644207727058,29.9808713536594,23.6422077632728,30.6913511238597
"981",71.4214958862222,69.309246702589,74.1810640038636,75.0507115127884,79.2301408382618,67.6300293413737,75.8929769469571
"982",34.7113594739077,34.3672110287827,33.7024835302963,38.3898037687245,42.3100701913473,39.5851837616084,43.9136602368188
"983",25.8902706826408,26.8184897149372,26.0431302736887,26.0049523126516,29.8703328710225,24.2184673763395,31.3143388710815
"984",8.10142704814389,8.85432974671068,8.64300572101502,9.53299319574149,15.1602431846932,9.44004024949454,17.100579445963
"985",22.0586514225016,22.2215449084973,19.8742765165326,21.536318663551,28.8214437134617,22.3995796683861,32.4986249912484
"986",26.7075104420132,23.6631781285143,23.8309682538467,25.1546372166176,30.3558503708414,25.6507908301197,35.080072587927
"987",5.98636672272831,4.89003913177754,3.81447422144199,5.85135448223267,12.0857831591761,6.75158085725288,13.4381887411528
"988",42.4118485181243,43.8781744687511,43.1994622900898,40.4016217008814,40.2249909982596,30.0929867248931,37.4521944012751
"989",54.2621597951204,63.82453600823,66.8846772840782,67.6789082280525,70.0459672532477,60.9323860603056,68.1968023243383
"990",311.138086768886,308.624104186798,321.817569132161,310.490599514633,343.831535492919,334.585542343209,352.559015461486
"991",170.777811498448,181.615391416385,182.603289955432,185.531798243161,183.110511931435,167.42083897214,163.004953569912
"992",13.9249233923749,13.8040758810966,13.2476705261439,14.3605850944003,19.9317018130521,13.9473616098094,20.7074748953234
"993",69.248499365802,67.5896879873375,64.5757249541592,64.428877712112,70.3165628053987,62.8998695824409,70.7165166814318
"994",35.1435112659797,33.5050169651748,33.3106340100629,40.5487850895341,44.9893609604338,36.1979004339946,42.7919065417777
"995",3.76743242382353,4.36354629636277,2.73469173410948,4.07022369013888,9.78862491653994,4.41007818940342,11.5990051708248
"996",25.9621452995468,24.0072294899476,21.1457818681005,26.837967752873,32.4786569202763,26.0663811167406,33.2422811454217
"997",274.708460302677,286.860188169827,289.44821488272,293.851500392132,279.529045257157,276.896730085951,297.536798663214
"998",19.1718907074691,17.9243876175859,18.2553514184966,19.3849018815231,25.0122167203003,18.5011478869866,25.6390745117352
"999",38.2273010941674,35.7485625001096,32.4149774271743,34.0410717744941,37.5462934125662,34.3817116245548,43.3144514054285
"1000",773.648676368295,790.483692809647,798.432406778441,760.076567532005,752.216087494669,778.403840682849,810.122003742532
"1001",2187.63433310635,2365.90886370786,2394.10806595789,2147.7121266138,1994.82436386162,2087.56955113183,2008.17394466027
"1002",25.8895821307374,27.4386107180732,27.2652238568144,28.4357556125835,30.3571702590756,23.5260864721647,31.6141111346297
"1003",22.712910149005,24.3331000064828,21.4210809430782,19.9658020756777,23.2000676743161,19.696992539139,30.184694478215
"1004",13.6836079783975,9.88010810492348,1.3608653549911,3.61151877501167,5.91395390984809,10.3776665020546,11.0041866723783
"1005",29.8018807585418,25.7276155805213,19.7322051517128,15.4015750023845,16.5866795860906,21.0524730956444,19.714962046488
"1006",157.149571341657,157.188266979053,163.714287519512,158.261892233474,150.085970053253,151.781698255197,148.573223155746
"1007",285.140995901086,277.534900889085,290.625847576965,281.23427382412,268.34553731286,278.692510631981,300.105480234681
"1008",4.85644809437077,0.180105432237342,-6.78212952816867,-6.57219800148355,-4.03473746072864,0.792652156297152,2.75440124660867
"1009",3.28736678854323,-2.20316673816268,-9.45427251000901,-8.66846856205257,-7.77672564215649,-2.41527936161175,-0.969133336792253
"1010",227.136692922488,235.103122934902,250.4048392761,257.938222798644,267.22926534012,253.499303844787,254.303539316628
"1011",40.354370993326,37.9982416490388,31.7421004768364,33.7093714810776,35.5017300930987,39.2944202701367,39.7942543442706
"1012",42.1657647307116,39.5541269635787,33.0491721622118,33.2907961937927,34.5235730492274,40.2848873412524,45.7854347637756
"1013",7.10041419679474,0.788834794552273,-4.84765839797686,-5.28103646449434,-1.91201578884944,2.75652411198806,6.04914573800534
"1014",74.6078538119624,72.0336725572742,71.9544303413721,80.4974116422442,73.616663107048,75.9435253421921,73.8716316636403
"1015",21.9522389582024,18.2474710793826,10.3801562773906,10.3793543903872,10.3880368549587,17.4527778895333,18.3258305000455
"1016",-3.73833354027945,-8.86756922117458,-16.2424542898286,-16.3361776722508,-13.4446743630538,-9.55850097639705,-7.4569563443278
"1017",30.1379250711394,25.0288812981314,20.4848983290775,24.0027255161864,29.6930867527094,32.8382396983084,35.0226326408488
"1018",596.189286809412,652.778768544705,649.123958728942,588.9295604513,544.925851823489,533.484914528745,508.882548741581
"1019",157.188935858045,181.592901235904,191.049343251224,197.392847805621,196.788324358463,193.805715310796,185.409785680857
"1020",24.031434635975,1.96947670452871,-21.7441290402091,-14.7556965073097,-5.24330329795444,5.3571297991418,13.7661470686195
"1021",16.3664413498066,0.565408711329171,-24.4161718869255,-15.9502689560775,-4.01682090663373,9.53404019949589,19.155936649882
"1022",218.140198893506,176.30005551103,156.060846565568,168.110336935875,172.765965166302,175.956983968504,207.217098927216
"1023",-22.1056933937356,-50.9977102217087,-77.8044605280589,-67.6937905198519,-58.5163040740793,-49.6738725464373,-29.4929437888195
"1024",142.399460978278,110.080603606549,83.8374578935018,97.1352240206417,99.3179823780237,108.154478475145,126.667538380146
"1025",123.090560920084,134.653812796977,197.419860982967,226.327496701907,165.343165210318,168.780283869561,103.124323874619
"1026",-54.7015457109876,-78.6868549302671,-28.6421240356301,8.54467122920176,-26.4231922142488,-39.6032553329793,-95.1833638874816
"1027",889.192977910516,936.362827687812,1104.78103651827,1062.14762609463,948.373484422406,924.730204522067,903.538798360137
"1028",20517.8351287888,23407.6738628434,23890.0615540957,21462.6880313674,20352.9838359843,19912.8933514941,19193.9791670118
"1029",13.8513667811314,5.62657193912324,25.9067911021875,-6.38994445728671,-32.3858865914121,-34.9872810224661,7.61850759188169
"1030",9.69073726934459,1.28227023764911,22.8946689470365,-9.36260547658998,-36.1174143976628,-38.7608675350092,4.13366076058003
"1031",17.4812691549264,4.84648341753856,36.2127209469868,-13.1103166096869,-51.7950917512539,-56.4680558715554,7.58391351656211
"1032",50.4771237598584,48.9126964861919,72.8993766020059,54.1596243544977,23.1753512203638,21.5424587545119,53.2942766822643
"1033",14.5607242801043,6.24551833138236,26.1198651494355,-3.39402221085086,-28.6568521687063,-32.9110081385949,9.20983549640022
"1034",137.626073699352,126.051942029412,135.183596119308,136.714926505032,142.144353985395,139.210464905726,159.587796683587
"1035",5221.42708383118,5034.04942432921,5005.06967400016,5147.37882115835,5354.49642002543,5301.375809144,5367.50884770897
"1036",281.19106088239,236.194535413608,261.518312916605,279.156348014252,296.87682163719,328.740860413971,309.776029105895
"1037",5.52724442996973,-13.7062691064268,-15.0166907458999,-17.3684303522406,-10.2073973420921,2.0655025949629,21.6841902688198
"1038",113.509740692419,85.0934688246965,93.8919167378668,104.605948234449,112.20635044625,124.652100038466,135.862088676681
"1039",1152.2071131278,1020.53270069615,1141.1321739999,1228.65872838465,1168.13020908767,1204.6693882453,1221.55218266965
"1040",19.1537607727877,0.955273786664224,-2.68003036010924,-3.15240213806776,6.44624531299228,16.2439846512993,36.0886015854121
"1041",347.439779143664,231.890183606537,259.046328052878,332.178229117312,377.263570904316,413.125656556092,411.293942923797
"1042",88.7754801327046,76.7025462776972,76.854029163989,69.6683490516719,69.0835705994163,86.4692768566646,101.784055228764
"1043",230.535024505078,235.440262952324,272.200899586167,273.741736197478,257.019216656356,282.757156800321,274.189939017635
"1044",-5.25419916608188,-22.729266962727,-24.3072552831144,-27.6632406475153,-19.0125006442625,-6.67330508342983,11.6189522696869
"1045",66.4822748706533,50.095162548876,54.2518105352353,63.8819034331539,64.4357663383265,73.0535511478119,76.9734854647333
"1046",114.040532927686,79.2172938969118,81.144213184555,91.3229739901965,107.97492039146,129.439575623312,144.191098685352
"1047",632.289815765938,549.218003431899,535.963411794298,581.300635124381,619.162984968015,616.745804262382,650.088132378137
"1048",-12.2169560378662,-29.7083621829124,-31.7186432030992,-34.2944593189111,-26.5816191436187,-15.3363153822318,2.76880359226604
"1049",19.7099245591007,-0.338396869112451,0.0286507449221243,-0.073430276842889,4.96050083511864,20.3726810913785,38.0232443755839
"1050",279.242666106606,270.275193372212,290.739748463085,306.713141226739,295.862966656321,281.361832093254,292.739011283224
"1051",762.408346037919,666.016465344549,685.600313648302,758.850500845544,812.156454204816,897.999100159325,889.372739310232
"1052",11.7250746297077,-9.62889560223152,-9.57642318349387,-12.6444351439694,-7.45281970583821,8.39638562061683,29.1720538089985
"1053",38.9105623763289,14.6525966304936,15.29641960463,14.5275256861333,13.8246289477544,26.8813290099207,48.8318953458834
"1054",1393.70613656625,1144.4860698377,1172.30185173524,1285.4328983075,1292.95235264333,1320.80708355878,1350.61456060032
"1055",16.6913087533853,11.9273521639974,28.4078894038616,4.36889345648147,-15.3044524806936,-18.0861475010906,17.0665262693912
"1056",15.2890451127355,10.8315965875958,26.2100334551718,1.14455015734216,-18.9422364841848,-19.4786092770964,11.6425379278353
"1057",72.338443533669,65.9654390545888,84.5815573109714,59.9461220020078,38.3047556256911,36.2299745533475,70.7654856193593
"1058",7.75248780008309,2.81081885393133,13.1071278112555,-1.95187818163705,-14.1426010338202,-15.2908430585291,4.51341923484758
"1059",19.6453081578685,14.3641030216971,25.1882995617821,11.7173494179565,-1.08048107353381,-3.60948162218817,15.937402808257
"1060",68.6174856629774,63.7010933777695,82.7026170739076,67.218522436971,62.3587469839365,60.4531137448488,80.2634535662229
"1061",39.204308173284,29.0848671820066,44.747561837637,33.9933370432392,20.9940848140757,16.1786043154716,34.5355101463687
"1062",4.57449897297808,-0.131763514799574,10.6634263057189,-4.39793836217443,-15.9582549538685,-17.2543950565408,2.72321792863167
"1063",19.4720651527333,11.3156313546819,34.9147758984191,4.70746447222829,-22.2614713536502,-25.8473014225054,16.5610416402852
"1064",12.7909275914762,5.06941219703381,25.4157763033219,-7.46598647402439,-31.8266087394225,-34.9050168379049,6.62240009268537
"1065",88.0972438188506,82.2110862209822,121.528454378988,77.0402652262291,33.2660821638321,22.3833909946487,83.7889554011515
"1066",3830.93339875654,3786.7614898159,3817.54313333402,3749.58271517736,3558.16902482126,3463.66728076511,3637.8495022761
"1067",-2.5981973239178,-6.23300615034922,9.47196596462494,7.56816155938863,-17.7406697665837,-10.1664659001691,-1.73009334274042
"1068",-1.00935052224319,-3.91515055481506,11.5134284445999,9.80323494594311,-15.217127184652,-8.66988977084698,0.371651606009094
"1069",3.94608380037097,0.624407856079753,17.0479516935324,15.9861289376781,-9.8195534749025,-1.93884404762166,6.51766367406831
"1070",-3.69543948474559,-10.5565592676022,20.9334510173544,17.3989738158168,-32.5262473130381,-17.7575022727705,-1.78568756257551
"1071",382.783552497804,375.062289879909,382.843196228615,386.215726944228,368.526283814753,366.196534492744,374.640710632211
"1072",10.3680299222629,12.3192812661642,17.3781560215414,15.6501351319271,10.1329971095705,9.80709204872931,10.8684299389895
"1073",4.33395561595489,6.43915812791294,11.3242991720541,9.05954036358835,4.31467731223732,5.12182555416256,5.1470020216933
"1074",24.8988994066105,27.2763554318975,31.7674897469211,27.4391575780178,22.3435102249073,25.2834790730668,26.0859105988862
"1075",237.315580696245,244.23566024143,258.614528015925,244.773252579199,249.372795655776,252.621842720488,232.178628723236
"1076",15.3952353896248,17.4023262720973,24.3397610937028,22.1079026186413,16.8654409192199,18.4875882646909,17.5176580351391
"1077",0.966857999866788,3.15645711254523,8.70071442484829,7.11244067803031,1.57375152346758,2.85024342765587,3.45919994546437
"1078",6.12708982902545,8.48907439586777,14.7136691372354,11.9564982384806,5.9053746013392,7.27222667017503,8.46980885746294
"1079",36.7413085403582,47.3280331355961,57.301509216971,50.4591923678884,42.3574567579436,49.2185452960426,44.0606172484977
"1080",13.7457202376909,14.3073536616654,20.9598944937097,19.1919766390721,13.683541848525,15.0696500323146,16.056064407255
"1081",21.9508593979085,26.891687081525,32.749368027402,30.6393509830074,26.1761747144932,27.9804585956102,29.4839589996033
"1082",29.8049682082716,27.179881737837,32.1550153051718,31.3885212862886,27.3423867963396,30.3356660387839,29.6939027709021
"1083",89.7304671707412,93.875514672474,96.9031861579018,93.9264889682425,101.062424256734,99.747697212558,91.6613710326889
"1084",89.1729491653801,90.23559157678,91.8118394171888,85.0206128085848,86.5661474012764,88.9293225787798,84.065713684067
"1085",142.576795906257,160.939807580347,198.904338196641,180.668546768704,150.517860963445,152.370484688314,149.692025940086
"1086",7.80999693300915,10.1326061946901,14.4510596549105,13.4000922168385,9.1564985060024,10.5281632922704,11.1217658920033
"1087",88.2060302199747,80.8625523310835,81.535838440532,82.2652646029229,74.4706350110454,78.0914548418685,77.5555208128783
"1088",-1.94142630002228,-4.37821722167786,7.84737578237371,6.35153901285316,-13.3574186527447,-7.32978581808645,-0.17065992246849
"1089",-1.70951315061407,-4.63822746409026,7.75214043467801,5.79284643840498,-13.594920393148,-7.8156492056184,-0.802827380949799
"1090",-1.34454681767919,-4.42933380733882,8.21816686006122,6.19989502145871,-13.3949191533477,-7.33588694944867,0.111805416315702
"1091",6.20890066735445,4.32873737688244,16.6190224013559,15.0725886793993,-5.84881519896859,1.13143230072259,7.44582603100402
"1092",-1.73102582857844,-5.9359944180854,10.3685864311083,8.45475268010469,-16.1016718699067,-8.76627699302605,-0.759084610663228
"1093",17.6528910263172,15.1929511710164,31.1262672048811,28.0601577723825,4.51561326253859,11.6567176206594,20.2986464217464
"1094",0.842884884660176,-2.62210944451836,12.8110871416385,11.759628292408,-13.4175861431248,-6.5741311685489,1.5012082770693
"1095",658.789579602805,725.419050988359,734.373733957977,668.603597037921,621.081657359339,637.962882443968,632.592978480459
